5.317355892112555921e+03
5.340468918362435943e+03
5.365502021572592639e+03
5.395303999330618353e+03
5.423372425807083346e+03
5.450195106464747369e+03
5.472054365583970139e+03
5.488997273043594760e+03
5.499235273013220649e+03
5.497243669590566242e+03
5.504040265172682666e+03
5.516671573791330957e+03
5.535706057433490059e+03
5.573781844640198869e+03
5.602863866955769481e+03
5.627103751107410972e+03
5.643413598378613642e+03
5.658564750759915114e+03
5.669637128983682487e+03
5.685498564819406056e+03
5.687119576969770606e+03
5.682771070270254313e+03
5.294428536326227004e+03
5.312245524247975482e+03
5.339812506722317266e+03
5.364350129088688846e+03
5.391797334013826003e+03
5.420477664252980503e+03
5.445708354148092440e+03
5.466235180659098660e+03
5.482090656592219602e+03
5.488393844749627533e+03
5.494453971526011628e+03
5.509653607948991521e+03
5.524908287403459326e+03
5.553336111153412276e+03
5.579675012814186630e+03
5.603641358243048671e+03
5.624679715484086046e+03
5.647387929486975736e+03
5.669275195860818712e+03
5.682771309407548870e+03
5.687220487555209729e+03
5.684903325483874141e+03
5.276605328878677028e+03
5.283547547020521961e+03
5.304445778408016849e+03
5.328437575812472460e+03
5.355324792972541218e+03
5.385278275514913730e+03
5.412810503981804686e+03
5.435192922363612524e+03
5.451866206433588559e+03
5.463441758981562089e+03
5.470164495518938566e+03
5.480177246691818254e+03
5.495531088210642338e+03
5.519095364119839360e+03
5.541152097097186015e+03
5.563590146663374071e+03
5.590034814026203094e+03
5.618697773585232426e+03
5.647581732699598433e+03
5.667808771323691872e+03
5.677963773413691342e+03
5.680133441868601949e+03
5.247719994854667675e+03
5.259677367253710145e+03
5.274401090900476447e+03
5.299198152722024133e+03
5.330905747272286135e+03
5.362158030607786714e+03
5.391407728298227084e+03
5.406088236138391949e+03
5.416265845519294089e+03
5.429464265142280055e+03
5.432772922413834749e+03
5.440092844051816428e+03
5.453781943129254614e+03
5.470963804083617106e+03
5.493592144289628777e+03
5.512455801738747141e+03
5.540007390801170914e+03
5.574849794032903446e+03
5.611663731605453904e+03
5.640116932300118606e+03
5.664581013662696023e+03
5.679050387833901368e+03
5.250137166489015726e+03
5.241351350153658132e+03
5.256189024260939732e+03
5.282360591180046868e+03
5.317221732298964525e+03
5.351091059572617269e+03
5.373049801647294771e+03
5.385096372659816552e+03
5.396949763526487004e+03
5.398287949938736347e+03
5.399178997335857275e+03
5.403159740358456474e+03
5.409674930497932110e+03
5.423089715371072089e+03
5.445265625505823664e+03
5.458894456603909930e+03
5.484537144212014937e+03
5.522160204764600167e+03
5.563635589509329293e+03
5.605582837488615951e+03
5.644913826364124361e+03
5.638355977828494360e+03
5.211702884939811156e+03
5.224820895725217270e+03
5.240595786435169430e+03
5.268817433658076880e+03
5.307837100857821497e+03
5.345216188373623481e+03
5.368773104611505914e+03
5.378944392124319165e+03
5.385594505099801609e+03
5.387797564965750098e+03
5.388200653798217900e+03
5.389513880537701880e+03
5.395318878562185091e+03
5.406709887139151760e+03
5.425882938434479911e+03
5.432606864629152369e+03
5.446322046945997499e+03
5.477794479326792498e+03
5.525018556067888312e+03
5.567066854056992270e+03
5.611307186592956896e+03
5.617891250092538939e+03
5.197010318488596567e+03
5.214970910724963687e+03
5.231811426213799677e+03
5.261500847644971145e+03
5.303706977247205032e+03
5.344589594253217001e+03
5.372634451308832467e+03
5.385610242563771862e+03
5.393489188201798243e+03
5.395744607761779662e+03
5.397572326977113335e+03
5.399084984340775009e+03
5.402400788603748879e+03
5.408532129551412254e+03
5.414826652667078633e+03
5.418382864957323363e+03
5.432954455070237600e+03
5.453699589230162019e+03
5.503901766888977363e+03
5.561017206516980877e+03
5.602090948216212382e+03
5.628298598082911667e+03
5.190687415128612884e+03
5.212194441372185793e+03
5.230384868670993455e+03
5.265189681688520068e+03
5.308816002940740873e+03
5.347370102338661127e+03
5.377733176414142690e+03
5.398390362415280833e+03
5.408205322757018621e+03
5.411702395269394401e+03
5.417008612134960458e+03
5.423339754445461949e+03
5.419799098677803158e+03
5.421535930571774770e+03
5.421082342309166961e+03
5.418743491620934947e+03
5.429017834243801190e+03
5.446868831511282224e+03
5.497769578240360715e+03
5.548655427859625888e+03
5.590488746749998427e+03
5.617965545707569618e+03
5.194142644255069172e+03
5.213627069618373753e+03
5.239148405045234540e+03
5.277929275600185974e+03
5.320387959214677721e+03
5.356894972089641669e+03
5.386920705866938079e+03
5.409667337107027379e+03
5.424800231465759680e+03
5.432242900990495400e+03
5.436135789610949359e+03
5.438833967561731697e+03
5.439344548992472482e+03
5.431491397647261692e+03
5.426860501584451413e+03
5.430092035295159803e+03
5.419865876097445835e+03
5.437253537848824635e+03
5.480434864009223020e+03
5.533249940901884656e+03
5.573599499418182859e+03
5.601204941090981265e+03
5.203573267641641905e+03
5.222399015155996494e+03
5.252623904664525071e+03
5.293018380296545729e+03
5.333167686099523962e+03
5.368223015749167644e+03
5.396816844442432739e+03
5.424646309076399120e+03
5.445151106829242053e+03
5.454575335330648159e+03
5.454854804302467528e+03
5.455118449264636183e+03
5.447683724417110170e+03
5.434658172615195326e+03
5.424865340058830952e+03
5.417030358063905624e+03
5.414684673858062524e+03
5.424007594832911309e+03
5.469541622073452345e+03
5.511609174372953930e+03
5.546755436429036308e+03
5.572935106319933766e+03
5.214337926688716834e+03
5.231264799442415097e+03
5.260954846320118122e+03
5.301618314784079303e+03
5.341719811567232682e+03
5.377160494757134074e+03
5.411874648724662620e+03
5.449157573574998423e+03
5.476160450295849841e+03
5.480206256795831905e+03
5.476518404037614346e+03
5.472492923360969144e+03
5.455145928288219693e+03
5.440256742204200236e+03
5.433762633746453503e+03
5.432274016780612328e+03
5.411550958147001438e+03
5.413327663359412327e+03
5.446064993602764844e+03
5.492012869169202531e+03
5.530098879946648594e+03
5.542189230075177875e+03
5.210521094774506309e+03
5.236946447607984737e+03
5.268777262291500847e+03
5.311007448222824678e+03
5.355924467185074718e+03
5.396686179773289041e+03
5.438082065116023841e+03
5.473196747216926269e+03
5.494505181543708204e+03
5.507939406285314362e+03
5.502009399349233718e+03
5.493285333346606421e+03
5.481584234647607445e+03
5.468517141658809123e+03
5.456909246054314281e+03
5.457229804187679292e+03
5.405057260174431576e+03
5.409351618623469221e+03
5.443851733478962160e+03
5.488827810468861571e+03
5.535172948952577826e+03
5.578099816979887692e+03
5.188583348526557529e+03
5.225675580701871695e+03
5.280775147568026114e+03
5.330491512134205550e+03
5.384355823335704372e+03
5.428006697320112835e+03
5.465145400822023475e+03
5.495777738343462261e+03
5.515355315011197490e+03
5.533634698663796371e+03
5.530098416424390052e+03
5.524939316818408770e+03
5.516236016741758249e+03
5.509916002861978086e+03
5.503311655059979785e+03
5.469208871827438088e+03
5.448551499387931472e+03
5.438454391482066967e+03
5.462708934344056615e+03
5.514342982604969620e+03
5.568691974815761569e+03
5.618783832115951554e+03
5.162914148374752585e+03
5.209170235490118102e+03
5.275272426538663240e+03
5.366559830499022610e+03
5.420475730857167036e+03
5.456792034500178488e+03
5.482429657536051309e+03
5.510551446192841468e+03
5.534658141269683256e+03
5.554082685732828395e+03
5.559834438299749308e+03
5.558024498881834006e+03
5.552283944567368053e+03
5.559531891796848868e+03
5.561608533778156925e+03
5.531313062136594453e+03
5.494840970665427449e+03
5.483964680261645299e+03
5.504841141046802477e+03
5.554453285656993103e+03
5.613149729950499022e+03
5.649245425958143642e+03
5.126411273268902733e+03
5.198326445737885479e+03
5.288440007762650566e+03
5.399622539524048079e+03
5.445598017208398232e+03
5.474584305488879181e+03
5.496638602588313006e+03
5.527166447651085036e+03
5.552418043796268648e+03
5.579788769269600380e+03
5.592439952680533679e+03
5.596350503093864972e+03
5.599048620613792991e+03
5.610430892621888233e+03
5.613768427831575536e+03
5.589773918487107039e+03
5.555469343794912675e+03
5.550370519699848955e+03
5.573495451512500949e+03
5.621146209444572378e+03
5.670215580771637178e+03
5.709760946836440780e+03
5.134013166060859476e+03
5.198158644413990260e+03
5.289658024325513907e+03
5.392187202737198277e+03
5.456663851849586536e+03
5.481793033949443270e+03
5.504376400474037837e+03
5.535809950941706120e+03
5.565874736500501058e+03
5.600765818730966203e+03
5.619878612873123529e+03
5.631987654587705947e+03
5.643993132387957303e+03
5.657241480746189154e+03
5.653742674725759571e+03
5.632354649502939537e+03
5.620570992547386595e+03
5.632384401526622241e+03
5.642452820328708185e+03
5.683389405587641704e+03
5.742088137106404247e+03
5.769733314194780178e+03
5.164714495403352885e+03
5.244714080988145724e+03
5.320280399520244828e+03
5.397917565077325889e+03
5.461494289093202497e+03
5.492046323067300364e+03
5.524135143375378902e+03
5.553492937767930016e+03
5.581102259025989952e+03
5.615554476902801071e+03
5.646144422558123551e+03
5.656767445578852858e+03
5.684242957759588535e+03
5.681073792611246063e+03
5.701255180391989597e+03
5.683247961384066002e+03
5.688991622823609760e+03
5.697549577179363951e+03
5.712052112114502052e+03
5.755541720484223333e+03
5.797992904691156582e+03
5.822832156815941744e+03
5.211422135447443907e+03
5.292340655494098428e+03
5.357898854084690356e+03
5.432445979831184559e+03
5.471473415372361160e+03
5.511744216637680438e+03
5.550684396558142907e+03
5.571446230649353311e+03
5.597154037505875749e+03
5.625872984544363135e+03
5.655703671892071725e+03
5.682892874997288345e+03
5.695283444144694840e+03
5.708946139871354717e+03
5.724489687788128322e+03
5.744272509406416248e+03
5.758177499247673040e+03
5.756341521235744949e+03
5.764738800952378369e+03
5.774718187467068674e+03
5.830141201516807087e+03
5.853619147482692824e+03
5.264076386002352592e+03
5.341537602710750434e+03
5.398009086091706195e+03
5.446526839467222999e+03
5.492188596113960557e+03
5.535410150108607922e+03
5.571851829734187959e+03
5.596994175075681596e+03
5.622892027945554219e+03
5.650423373279152656e+03
5.668526646626649381e+03
5.700078973444694384e+03
5.714866096519866005e+03
5.732318881309505741e+03
5.751235433741878296e+03
5.771917600159516951e+03
5.785185117473388345e+03
5.798843805445500038e+03
5.806467532776277949e+03
5.824284329717263063e+03
5.844393921447114735e+03
5.863101894312842887e+03
5.296416193727991413e+03
5.366630302070345351e+03
5.410596061830572580e+03
5.473585441821059248e+03
5.523173530171815401e+03
5.563000337290211064e+03
5.591669289796265730e+03
5.621604301026793109e+03
5.647462696617139045e+03
5.672018983218095855e+03
5.698951809137603959e+03
5.719124090389467710e+03
5.736392911276730047e+03
5.756204293528369817e+03
5.776075956250008858e+03
5.797671930837686887e+03
5.816245024874252522e+03
5.822449732945563483e+03
5.828513951858670225e+03
5.833536075682814044e+03
5.849449600691757041e+03
5.863792746769508085e+03
5.304696914793169526e+03
5.375802200883352270e+03
5.427786766249309949e+03
5.505812386406900259e+03
5.548347605295586618e+03
5.581901717279348304e+03
5.613478831457223350e+03
5.641749472544778655e+03
5.669791741485730199e+03
5.696668897797644604e+03
5.717181128659192836e+03
5.737639065271460822e+03
5.759174225624254177e+03
5.778281525752202469e+03
5.792906017551270452e+03
5.817369518201264327e+03
5.833251194871987536e+03
5.843517568205669704e+03
5.847137544275008622e+03
5.847418540094376112e+03
5.847001556679132591e+03
5.867551087857571474e+03
5.318447226062490699e+03
5.388761342034904374e+03
5.459810339003171066e+03
5.518006884607274515e+03
5.567959999781471197e+03
5.609985649493040910e+03
5.639656565786493047e+03
5.668439797300509781e+03
5.687095578889199714e+03
5.711931195644472609e+03
5.731901263226096489e+03
5.753541874268435095e+03
5.775789017862548462e+03
5.795388207029706791e+03
5.810116429124645038e+03
5.831193654192191389e+03
5.843668008158593693e+03
5.855542434134842551e+03
5.856361669004853866e+03
5.853407409751393971e+03
5.851767251586704333e+03
5.867990464090271416e+03
5.325109575639138711e+03
5.405515550080319372e+03
5.474766436888063254e+03
5.542682592968862082e+03
5.586198234777411017e+03
5.630466557039058898e+03
5.661088046986629706e+03
5.687906030166684104e+03
5.702604100179303714e+03
5.725007916083782220e+03
5.741352732565388578e+03
5.764837066071600020e+03
5.786195016006214246e+03
5.808214815235041897e+03
5.822611661473518325e+03
5.838300214713360219e+03
5.854377585844618807e+03
5.864485371020599814e+03
5.864485962785362972e+03
5.862482995092321289e+03
5.858009343798507871e+03
5.856264378632965418e+03
5.346799376111022866e+03
5.436917330942638728e+03
5.503201088685342256e+03
5.562213173463507701e+03
5.606023352817776868e+03
5.644547476474565883e+03
5.674718022537731485e+03
5.700417971451226549e+03
5.716852429086260599e+03
5.736201988251946204e+03
5.754223679837896270e+03
5.771087147872671267e+03
5.793141415525508819e+03
5.814895313945351518e+03
5.828475875485711185e+03
5.844301413682434941e+03
5.858226131461741716e+03
5.869974621557289538e+03
5.879399929645465818e+03
5.875570772117779597e+03
5.875370567230324923e+03
5.874984396638181352e+03
5.375151197537256849e+03
5.463449957450643524e+03
5.523218413455570953e+03
5.569361271703115563e+03
5.608653860835293017e+03
5.638962745872030609e+03
5.668664569308756654e+03
5.695662453439380442e+03
5.722088329188987700e+03
5.745518811625214767e+03
5.762457147986089694e+03
5.781726095688525675e+03
5.800602761800962071e+03
5.817739668101876305e+03
5.830589621175881803e+03
5.846463799653351998e+03
5.859168791052316919e+03
5.871623005909628773e+03
5.881327230010518178e+03
5.876688253266353968e+03
5.878425860347699199e+03
5.869668133313127328e+03
5.404927981890779847e+03
5.474490820178396461e+03
5.536213707055362647e+03
5.575231943744144701e+03
5.607289940884223142e+03
5.634849065966114722e+03
5.664554427513330666e+03
5.690494845720453668e+03
5.721658979042818828e+03
5.750912819962098183e+03
5.771774039182168053e+03
5.790146683393371859e+03
5.807488375723858553e+03
5.822092731514288971e+03
5.830151120178755264e+03
5.841821398200456315e+03
5.857891159519821485e+03
5.871435595731636568e+03
5.872556068763360599e+03
5.873926285460489453e+03
5.874012085905307686e+03
5.873828678408562155e+03
5.435463371877906866e+03
5.493022996521982350e+03
5.537452695954362753e+03
5.573097061637240586e+03
5.603388390325078035e+03
5.629481941664240367e+03
5.655522026794812518e+03
5.685537149380309529e+03
5.719742066276116020e+03
5.749474329834572927e+03
5.777816019671278809e+03
5.794184734224892964e+03
5.810435152574723361e+03
5.825372143001469340e+03
5.839086123605943612e+03
5.852882409940360958e+03
5.867768996125685590e+03
5.879054096672040941e+03
5.880192978189767018e+03
5.879365056166813702e+03
5.877566236618004041e+03
5.875980413938950733e+03
5.465461897931816566e+03
5.509135544263550401e+03
5.530754292604715374e+03
5.565431694758769481e+03
5.600417656111428187e+03
5.631536276517203987e+03
5.648117763535514314e+03
5.678831734508852605e+03
5.719608323706495867e+03
5.747078704263543841e+03
5.777664305524073825e+03
5.795583000277221799e+03
5.810546107996733554e+03
5.829322908749963972e+03
5.853185936822126678e+03
5.865727721483601272e+03
5.877453057524649921e+03
5.887478144429864187e+03
5.886350266690901663e+03
5.883128245683124987e+03
5.879510765723101940e+03
5.876687238450472250e+03
