5.458547573233388903e+03
5.538232089884445486e+03
5.354222339276660932e+03
5.313229258566119825e+03
5.219945639211210619e+03
5.210004633754571842e+03
nan
5.285535264330001155e+03
5.192187952455256891e+03
5.431902558431961552e+03
nan
5.449756008130279042e+03
5.240659947150251355e+03
5.369745377387321241e+03
5.203425876913494903e+03
5.482441407968712156e+03
5.231278188776889692e+03
5.195186394769751132e+03
5.278563240313733331e+03
5.277354645608340434e+03
5.309884218548343597e+03
5.241222867879485420e+03
5.363893590392396618e+03
5.452547822201234339e+03
5.416230205524269877e+03
5.384711720093106123e+03
5.451575989488064806e+03
5.546799914102900402e+03
5.336975161780964299e+03
5.711442190862765528e+03
5.329167306102003749e+03
5.446191204180085151e+03
5.659002806655194945e+03
5.471149756263654126e+03
5.325838945412886460e+03
5.392496285719012121e+03
5.614109505065332996e+03
5.791204816544351161e+03
5.322142532447271151e+03
5.509586484858149561e+03
5.824388501688606993e+03
5.779076105774535790e+03
5.393520925455791257e+03
5.802147367767028300e+03
5.306223901957597263e+03
5.669861915042361034e+03
5.763644909631249902e+03
5.501408481743193079e+03
5.325242495099630105e+03
5.629069337461914074e+03
5.813465257639340962e+03
5.772725788439755888e+03
5.512076184276536878e+03
5.462080379445357721e+03
5.677102554700841210e+03
5.560939394888988318e+03
5.464209950108699559e+03
5.674316976700705709e+03
5.663451196205121960e+03
5.664459003577550902e+03
5.538248533279377625e+03
5.881811360036295810e+03
5.315279977175368003e+03
5.823540516015466892e+03
5.489625092376832981e+03
5.622549189471890713e+03
5.668090604136892580e+03
5.442525401690577382e+03
5.424533148721803627e+03
5.614220562081599383e+03
5.776665421666151815e+03
5.595091219933739012e+03
5.723853885852905478e+03
5.726927770211273128e+03
5.695319544028143355e+03
5.527902148812172527e+03
nan
5.824245210361634236e+03
5.836682732522937840e+03
nan
nan
5.537240077752981051e+03
5.820854740094498993e+03
5.759437305941494742e+03
5.411796024021693484e+03
5.757324384645630744e+03
5.531548202195785052e+03
5.828064872322527663e+03
5.871987198035128131e+03
5.518824888712064421e+03
5.778415190687493123e+03
5.872406499664192779e+03
5.592176960268113362e+03
5.596804571142886743e+03
5.780205724366595859e+03
5.855259801022748434e+03
5.655576955091392847e+03
5.876502288543138093e+03
5.637835517944959065e+03
5.586668236100682407e+03
5.626166633922695837e+03
5.617235692173084317e+03
5.670222108635643053e+03
5.317425214250819408e+03
5.395905916214688659e+03
5.314818572735538510e+03
5.620064071481119754e+03
5.686125331529146024e+03
5.707359809368967035e+03
5.497932137459525620e+03
5.476704694900751747e+03
5.438987343162296384e+03
5.648205512342584370e+03
5.765893890429397288e+03
nan
5.880460922537330589e+03
5.712230916695372798e+03
5.761736788173588138e+03
5.850476165221446536e+03
5.418060433028822445e+03
5.479824853710211755e+03
nan
5.870002175929053010e+03
5.403655335493986968e+03
5.848816042191377164e+03
5.619390293382003620e+03
5.557939270958229827e+03
5.458652987534532258e+03
5.496437637753141644e+03
5.478575660979011445e+03
5.732410348666226128e+03
5.685218045333328519e+03
5.338056752938226055e+03
5.584981012176773220e+03
5.326176076203864795e+03
