-8.275221015564966365e-01
5.530408360273213475e+00
1.247053592312568071e+01
2.026052185488060786e+01
2.609477452432929567e+01
3.319616512225093174e+01
3.729775437162606977e+01
3.905147859411317768e+01
3.786149228193880845e+01
2.703354493943606940e+01
2.474733870156705962e+01
2.627821950178258703e+01
3.171003905486668373e+01
5.281830947965863743e+01
6.179525069375176827e+01
6.636718153530637210e+01
6.601752301687611180e+01
6.560991427237422613e+01
6.035928726584552351e+01
6.211333553479835246e+01
5.501852015855456557e+01
4.641289971422065719e+01
-1.054036617275596655e+01
-1.039764884823489410e+01
-5.495437931122069131e-01
3.059558113569437410e+00
8.058278752308979165e+00
1.546999862407392357e+01
2.104067644544375071e+01
2.426039469042189012e+01
2.688770846913848800e+01
2.362103825712711114e+01
2.095637407388039719e+01
2.621233533931172133e+01
2.962861772357791779e+01
4.342725054654420092e+01
5.199165207215446571e+01
5.689084809536780085e+01
5.880514726374622114e+01
6.103118272308438463e+01
6.237342020623873395e+01
6.043191564272092364e+01
5.612979264290788706e+01
4.951565278821453830e+01
-1.416130566720858042e+01
-2.305446189904432686e+01
-1.827673345598850574e+01
-1.427619436461918667e+01
-1.060055305551395577e+01
-3.408200029013642052e+00
3.231285143210698152e+00
6.837314865460029978e+00
8.943280554712146113e+00
1.071522395112697268e+01
9.539399073622007563e+00
1.115159331049835600e+01
1.676274747957631917e+01
2.821986220330018114e+01
3.478546100355288218e+01
3.844847956582452753e+01
4.249617710449365404e+01
4.481864166035938979e+01
4.839916625913065218e+01
5.074792104643165658e+01
5.073684651451458194e+01
4.764920178892953118e+01
-3.103186647771417483e+01
-3.107073908800612116e+01
-3.028481734121760383e+01
-2.501875776793076511e+01
-1.744631713564012898e+01
-9.560341448241160833e+00
-4.867751248930289876e-01
-3.726177248047861212e+00
-7.743552291357445938e+00
-3.766700090664016898e+00
-7.265427508059474349e+00
-6.831409340186837653e+00
-1.143980708482558839e+00
5.755697081923244696e+00
1.442340252344092733e+01
1.441629313516932598e+01
1.647746749930411170e+01
1.997049313108072965e+01
2.706536447152393521e+01
3.419375644254250801e+01
4.583253050079474633e+01
5.328446518427790579e+01
-1.533031815898175410e+01
-3.261556149474381527e+01
-3.017543247903904557e+01
-2.426348284185769444e+01
-1.583473802393200458e+01
-6.652886964292520133e+00
-3.866725584121923021e+00
-7.867566265019377170e+00
-8.881213330158971075e+00
-1.581176035223779763e+01
-2.062412600078914693e+01
-2.232876472502812248e+01
-2.271794663410855719e+01
-1.835551235239290691e+01
-8.756715508515299007e+00
-1.343367170989404258e+01
-1.429686647520429688e+01
-9.674351398441103811e+00
1.342321169713613926e-01
1.803225505818500096e+01
4.181181793202813424e+01
2.636070732650114223e+01
-3.721082717800891260e+01
-3.206277783802943304e+01
-2.844046727563636523e+01
-2.209011498035852128e+01
-1.334172122007203143e+01
-4.021371985414589290e+00
-9.306904691484305658e-01
-7.000394322037209349e+00
-1.289794836086366558e+01
-1.821991529929437093e+01
-2.242219410053621687e+01
-2.557687628784788103e+01
-2.535894471493975288e+01
-2.118586437340945849e+01
-1.223497255548772955e+01
-2.167697831702662370e+01
-3.283948142901408573e+01
-3.251827325155409198e+01
-1.551195269175696012e+01
2.471503211131675926e+00
3.026235409886339767e+01
2.712954610060933192e+01
-3.748807136616596836e+01
-2.938912544047343545e+01
-2.566573145333313732e+01
-1.975859418853178795e+01
-1.159121280224098882e+01
-2.849951681878337695e+00
1.313669366386420734e+00
-4.405255910783125728e+00
-9.792809943279280560e+00
-1.476128743507251784e+01
-1.689178262687073584e+01
-1.867916482043983706e+01
-1.893747305363922351e+01
-1.718634887069401884e+01
-1.774521014384208684e+01
-2.687539576704421052e+01
-3.405331196541374084e+01
-4.169261182848731551e+01
-1.929708282965657418e+01
1.541534574478555442e+01
4.087075394922067062e+01
5.753151559477828414e+01
-3.643822707104027359e+01
-2.703289348195266939e+01
-2.512012391957705404e+01
-1.769596564329094690e+01
-1.063554066500546469e+01
-6.004649695094485651e+00
-2.620888161324728571e+00
-3.547097969481910695e+00
-7.893343813619139837e+00
-1.183655722826733836e+01
-1.060584309874593600e+01
-6.685089931896982307e+00
-1.131033947869218537e+01
-1.046276671768100641e+01
-1.380437917702329287e+01
-2.439659760596350679e+01
-3.172969352422842348e+01
-3.979681421054101520e+01
-1.542969696298587223e+01
1.414313550582937751e+01
4.121495462459279224e+01
5.934217566917050135e+01
-3.264885512382534216e+01
-2.767622757501703745e+01
-2.458264485767540464e+01
-1.893957030666933861e+01
-1.296923076732309710e+01
-7.806996835057361750e+00
-5.903719942387397168e+00
-7.906789401225978509e+00
-8.788211315084481612e+00
-9.740129180315307167e+00
-1.017961575699155219e+01
-8.655071346438489854e+00
-6.402841041490319185e+00
-1.157063304743769550e+01
-1.511723009562501829e+01
-1.525370751296304661e+01
-3.762495581139592105e+01
-4.259260660880954674e+01
-2.490649056973416009e+01
6.828023305840360990e+00
3.248272900819119968e+01
5.017727557510625047e+01
-2.684490845456548413e+01
-2.420536184561296977e+01
-2.074024574743452831e+01
-1.695147769698542106e+01
-1.217535792752823909e+01
-6.534169488017141703e+00
-8.253797896649302857e+00
-1.034308404400962900e+01
-9.279405189803583198e+00
-9.110431017110386165e+00
-1.223143475748202036e+01
-1.091289494289321738e+01
-1.378627720961048908e+01
-2.123163028715134715e+01
-2.686242240640603995e+01
-3.393289837285101385e+01
-4.255709020835456613e+01
-5.005978470434729388e+01
-2.758266108289353724e+01
-6.543499948931639665e+00
1.293410471403421980e+01
2.698429027039856010e+01
-2.024380378220848797e+01
-1.933892396551073034e+01
-1.578600443832692690e+01
-1.230192225449081889e+01
-1.021029966934565891e+01
-8.118711943861853797e+00
-8.958556930248050776e+00
-6.701077525788605271e+00
-1.148071597420312173e+00
-5.474404938289808342e+00
-1.039664788529898942e+01
-1.110699456736074353e+01
-2.209903556018252857e+01
-2.995622637384531117e+01
-3.080650202368178725e+01
-2.926471719130404381e+01
-5.198016971940069197e+01
-6.127240519276347186e+01
-4.798773471666299884e+01
-2.315445273272143822e+01
-3.386039088979487133e+00
-8.467987733632071468e+00
-2.695837640091394860e+01
-1.640824198421978508e+01
-1.032550533649737190e+01
-7.872724106794521504e+00
-8.135612416410367587e+00
-8.615871273084849236e+00
-7.216419122873958258e+00
-7.010865524522159831e+00
-5.296952325632446446e+00
1.665116264056450746e+00
-4.024200950058002491e+00
-8.835009201223329001e+00
-1.440741664093457075e+01
-2.091720177167462680e+01
-2.720200184644090768e+01
-2.364687103668165946e+01
-7.603466484401906200e+01
-7.908510612463032885e+01
-6.155648566828949697e+01
-3.955212006575402484e+01
-1.704878835608451482e+01
1.327825502522500756e+00
-4.819688745485746040e+01
-3.047156002666542918e+01
-7.250105893511317845e+00
-6.681702012080677378e+00
-6.730491768145839160e+00
-7.916957398235354049e+00
-8.057909729018319922e+00
-7.086377407674262940e+00
-4.801039553087321110e+00
6.767135798192612128e+00
2.108088595071421878e+00
-1.433124770909671497e+00
-6.806713088158176106e+00
-9.000540918407750723e+00
-1.192455234713452228e+01
-4.363122160451894160e+01
-6.410285802264752419e+01
-7.965526180812776147e+01
-7.143222058206083602e+01
-4.573323222608814831e+01
-2.073233438295847009e+01
5.755509346126927994e-01
-6.607086690691266995e+01
-4.993510917207186139e+01
-3.253176746778444794e+01
-3.973056148201067117e+00
-4.452868107728136238e+00
-6.303229542111694172e+00
-1.108470890419266652e+01
-9.203909279393883480e+00
-4.026656342884052719e+00
4.335137319244495302e+00
3.949901711481288658e+00
-1.302678026419016533e+00
-8.196333055369905196e+00
-1.274832689796312479e-02
4.061194208946290019e+00
-2.438310416360764066e+01
-6.050213696356877335e+01
-7.587446178183290613e+01
-6.998360840532131988e+01
-4.691175771919097315e+01
-1.878961914052888460e+01
-1.075744770596520539e+01
-9.439213884768105345e+01
-6.554306013693258137e+01
-4.436109419033164158e+01
-2.977970380769875192e+00
-3.014115162078269350e+00
-4.181530471962105366e+00
-9.677687654037072207e+00
-6.916875300436004181e+00
-5.506962287619899143e+00
4.319118026127398480e+00
4.616037687985226512e+00
1.962722081607353175e-01
-1.742823202586805564e+00
8.000063981086896092e+00
1.143688005134663399e+01
-1.215124954528164380e+01
-4.746528959474289877e+01
-5.775364096889006760e+01
-4.845544897825038788e+01
-2.509746736283887003e+01
-4.334654784233862301e+00
9.731581885287596378e+00
-9.282856628073477623e+01
-7.909225472691923642e+01
-6.289432455783207843e+01
-2.708847291549136571e+01
-2.886207203426238266e+00
-7.117913500672329974e+00
-1.572325169327541516e+01
-1.680425073664355295e+01
-1.481070247922525596e+01
-1.422437515983801859e+00
2.018864978075725958e+00
3.549896869621079531e+00
8.915260397768179246e+00
1.765431676426396734e+01
1.051348616063660302e+01
-1.435070417305360024e+01
-3.056044434235082008e+01
-2.600484924318789126e+01
-2.894425814870010072e+01
-8.734148480890326027e+00
2.566027356210361177e+01
3.137552133795725240e+01
-8.169822003375247732e+01
-5.495277474623526359e+01
-4.797114871232861333e+01
-2.871566033392446116e+01
-5.334829793994686042e+00
-1.114762045528368617e+01
-1.857776390519939014e+01
-2.503024534233645682e+01
-2.471157953481633740e+01
-1.082789225575925229e+01
4.096086225697035843e+00
3.196526742311107228e+00
2.157641829885869811e+01
9.639804258911681245e+00
2.098053768473710079e+01
-5.239079692692939716e+00
-7.304497964810252597e+00
-7.528865824696367781e+00
-4.850199652977607911e+00
2.200832073850506276e+01
4.516361155788035830e+01
5.264835753764509718e+01
-6.020534793773367710e+01
-3.130240954466989933e+01
-2.514072473490887205e+01
-3.518355887268626248e+00
-9.597042537391644146e+00
-1.606227736529126560e+01
-2.238375779637681262e+01
-3.470856682875000843e+01
-3.125997398852632614e+01
-1.994625624809123110e+01
-4.905116488758721971e+00
9.465174202019625227e+00
9.237785007348975341e+00
9.234907397241840954e+00
1.144605123032943084e+01
1.994286250032746466e+01
2.437305801752063417e+01
1.353955807272996026e+01
1.190410237096875790e+01
9.501027614941449428e+00
5.092790463245364663e+01
6.171350151366004866e+01
-3.261435824272393802e+01
-3.532353722920561268e+00
-1.319752942128616269e+00
-7.745080903969210340e+00
-1.547583927862433484e+01
-2.408762681625466939e+01
-2.957512712622155959e+01
-3.151780227897506848e+01
-2.377677707996826939e+01
-1.153069245548886101e+01
-7.857492515923695464e+00
9.155290171433080104e+00
7.688491953837001347e+00
7.654882452878155163e+00
1.104743475114992179e+01
1.962468907786660566e+01
2.314960070818688109e+01
2.820726284886131907e+01
2.759791478938223008e+01
3.686944790883535461e+01
4.795918544908181502e+01
5.813540814706902893e+01
-2.559623788110275200e+01
-1.346959991612493468e+00
-1.292676965275313705e+01
-1.205392833661426266e+01
-2.014841505485765083e+01
-2.684883389491369599e+01
-3.151671235565572715e+01
-2.404668748287167546e+01
-1.495341959627330652e+01
-5.260440265804390947e+00
6.907247709171315364e+00
1.068636157888158777e+01
8.702107535376853775e+00
8.996903978857517359e+00
1.320646435662092699e+01
2.323437768720032182e+01
3.248285469281654514e+01
3.073014987931674113e+01
3.015307080945058260e+01
2.971461198976885498e+01
4.089465293769808341e+01
5.061659585667075589e+01
-4.633644461819767457e+01
-2.255119113081946125e+01
-3.051959582734070864e+01
-1.749228594011219684e+01
-2.741354652227619226e+01
-3.049788390861431253e+01
-2.534206010056914238e+01
-1.757591988117656001e+01
-6.676712132009924971e+00
4.697610313198310905e+00
9.601155870478578436e+00
1.186016591025054367e+01
1.178518060536043777e+01
1.031382146971191105e+01
9.751584630428624223e+00
2.351182537884778867e+01
3.090147059426999476e+01
3.423909123187422665e+01
3.276827139425495261e+01
2.988111147553445335e+01
2.789847239541541057e+01
4.747214684103255422e+01
-6.187515173392966972e+01
-4.241477514818961936e+01
-3.190705361475102109e+01
-3.316541374467306014e+01
-2.746725194412101700e+01
-1.564555179359831527e+01
-9.437348678356102027e+00
-1.279132833475159714e+00
-1.101375865030604473e+00
7.079628814210082055e+00
1.051265227433759719e+01
1.277395666827214882e+01
1.200688428303692490e+01
1.018888804172092932e+01
9.676710156631088466e+00
2.040491918406860350e+01
2.506813643822533777e+01
3.101626267037681828e+01
2.800183313555226050e+01
2.331553440746029082e+01
2.183496842244767322e+01
3.964030472620288492e+01
-7.922421172227132047e+01
-5.203927306951027276e+01
-3.952587255537218880e+01
-2.293661082437756704e+01
-1.782497031962338951e+01
-1.167304489877096785e+00
6.449770747678485350e+00
1.131559176555765589e+01
5.435488651717605535e+00
9.551106765626173001e+00
8.506827042748227541e+00
1.243442278654492839e+01
1.086380323023786332e+01
1.113696634397365415e+01
9.756973761714107241e+00
1.480823336496814591e+01
2.307080681181832915e+01
2.731212627644890745e+01
2.343685488181472465e+01
1.953608998263916874e+01
1.494022254959327256e+01
1.484816911208872625e+01
-7.725393499031724787e+01
-4.037597321924658900e+01
-2.543094040494452202e+01
-1.041159100066124665e+01
-7.555762505735401646e-01
1.145500023300883186e+01
1.832025722003527335e+01
2.026615264174415643e+01
1.343111067307745543e+01
1.238597806282632519e+01
1.217902848225458001e+01
9.940646493678286788e+00
1.019566642562404013e+01
1.053219677712604607e+01
7.770962279592822597e+00
1.238206533089669392e+01
1.799937702728038857e+01
2.303484907466099685e+01
2.702896035676440079e+01
1.904186286874210055e+01
1.588500845494309033e+01
1.372540411998943455e+01
-6.613442286527151737e+01
-2.804728379456810217e+01
-1.385102599379479216e+01
-6.046191099395400670e+00
2.132181476227742678e+00
6.980208821040832845e+00
1.298277478180534672e+01
1.445764545988004102e+01
1.475924555700203200e+01
1.546709326174823218e+01
1.332389682099892525e+01
1.405667904762140097e+01
1.242213165478096926e+01
8.717357228686523740e+00
4.731090999458501756e+00
8.608325203093954769e+00
1.216637425605586031e+01
1.684861306226139277e+01
1.983188955208879634e+01
9.746493045297938806e+00
7.464947738401860988e+00
-4.011113867767562624e+00
-5.089019265942170023e+01
-2.491845777322760114e+01
-3.069872352992206288e+00
1.051514959032829211e+00
3.306303039506019559e+00
5.481971665045421105e+00
1.089792008602034912e+01
9.693601541281168466e+00
1.204245868183625134e+01
1.631343328633374767e+01
1.730310603743600950e+01
1.763267351439662889e+01
1.545619513714609639e+01
9.505606821021501673e+00
-5.884211380544002168e-02
-1.573409224295573949e+00
4.292595786580022832e+00
9.533479338324468699e+00
4.193047409606151632e+00
1.032093594279103854e+00
-1.756329663132419228e+00
-3.647459183440332708e+00
-3.172963154985700385e+01
-8.367115039673990395e+00
2.108640814817590581e+00
4.479523158847769082e+00
4.306531811509557883e+00
3.918250261552202574e+00
4.650614487500206451e+00
5.961745805115242547e+00
8.879517541285167681e+00
1.153832335774131934e+01
1.934569633707724279e+01
1.810979631884492846e+01
1.537094761152638966e+01
9.182248568466093275e+00
3.632153342353376502e+00
2.739801537396488129e+00
6.966562442971735436e+00
1.075250046823384764e+01
6.991425509437249275e+00
3.215266398059611674e+00
-2.593648045603913488e-01
-2.776234887871396495e+00
-1.011979855721619970e+01
9.270064296526470571e+00
3.586620606038195547e+00
6.376292556085900287e+00
8.752050894489002530e+00
1.107347889937227592e+01
1.279371343689490459e+00
2.676047381874013809e+00
1.049338644708859647e+01
8.510511521761145559e+00
1.716560593364738452e+01
1.724725111192765326e+01
1.274503555098635843e+01
8.212108136765891686e+00
1.022074940567745216e+01
7.382150252514293243e+00
9.697785044568263402e+00
1.426092164806141227e+01
1.007698756072113611e+01
5.189515756754190079e+00
6.710619771456549643e-01
-2.645671580274211010e+00
