5.447906667332229517e+03
5.538787196790605776e+03
5.353618818660909710e+03
5.312419895438730236e+03
5.227370893970178258e+03
5.217662036088714558e+03
nan
5.288954667950135445e+03
5.201063069832118344e+03
5.434026164561728365e+03
nan
5.449295962218799104e+03
5.251496841568443415e+03
5.369182147441581037e+03
5.212995966601892178e+03
5.484443815652886769e+03
5.230495446950995756e+03
5.201641014409985473e+03
5.284923522468970077e+03
5.280655173683257090e+03
5.310336102322287843e+03
5.240828631109945491e+03
5.367743891511138827e+03
5.452360964159423929e+03
5.419355795348791617e+03
5.385511706955870977e+03
5.448486849667815477e+03
5.545675082572067367e+03
5.341774932391453149e+03
5.712321829340607110e+03
5.334067675377121304e+03
5.443862696097101434e+03
5.655346454519727558e+03
5.471167908731080388e+03
5.330767783054930987e+03
5.393190733334468860e+03
5.613074041209808456e+03
5.794421901154167244e+03
5.326814194980462162e+03
5.505203558539696132e+03
5.825778986989952500e+03
5.777868937260720486e+03
5.393302124882869066e+03
5.803856655876911645e+03
5.310056867946808779e+03
5.667971284485018259e+03
5.765771354943401093e+03
5.499803298691143937e+03
5.330136218200020267e+03
5.630797079935966394e+03
5.811017156644547867e+03
5.774186863967479439e+03
5.509257167502096308e+03
5.461038433740549408e+03
5.686619433582563033e+03
5.561321454766236457e+03
5.463020526827775029e+03
5.682110779726076544e+03
5.662954571993582249e+03
5.664024355856301554e+03
5.547520027432806273e+03
5.883748034723777891e+03
5.319965364404196407e+03
5.824892730865138219e+03
5.490817854505767173e+03
5.622041163101567690e+03
5.672290087783809213e+03
5.443257583054589304e+03
5.422412098164809322e+03
5.618478034791492973e+03
5.777755346668229322e+03
5.597847672319418052e+03
5.724479163493138003e+03
5.727188381883866896e+03
5.695207914519846781e+03
5.534021690762165235e+03
nan
5.824896599930822049e+03
5.840354681920459370e+03
nan
nan
5.539173631117791047e+03
5.823878420819382882e+03
5.753646483867447387e+03
5.412901539313445937e+03
5.750782574118239609e+03
5.529977283127590454e+03
5.830543990077615490e+03
5.872069987145484447e+03
5.518764118453208539e+03
5.777345701004903276e+03
5.872621480647612771e+03
5.589852899199910098e+03
5.618653880600752018e+03
5.781801700325941965e+03
5.852812142370939910e+03
5.654162362453948845e+03
5.877373146860876659e+03
5.635928633041904504e+03
5.587109851449256894e+03
5.630362181424728078e+03
5.622536939245298527e+03
5.671634089903373024e+03
5.321791063412524636e+03
5.394242197492087143e+03
5.319095576480118325e+03
5.625526199122056823e+03
5.684307351816919436e+03
5.708903282282784858e+03
5.498357921586139128e+03
5.474150392538419510e+03
5.437333377520630165e+03
5.643251693006092864e+03
5.764860150514068664e+03
nan
5.879162026115974186e+03
5.716542114732161281e+03
5.764099050797799464e+03
5.851392875908418318e+03
5.417095876286090061e+03
5.477306267853958161e+03
nan
5.869436524143311544e+03
5.404157680830550817e+03
5.846225917456774368e+03
5.618953384508678937e+03
5.558004156288000559e+03
5.453862357653268191e+03
5.496869176078310375e+03
5.479315622263769910e+03
5.733040181194748584e+03
5.675297880611660730e+03
5.342354868846948193e+03
5.588159008615547464e+03
5.330448155888311703e+03
