3.175816817711165641e+00
1.214316897662138217e+01
1.921310481030104711e+01
1.764663033678243664e+01
2.543172401107949554e+01
3.251373117285584158e+01
3.850205531375377177e+01
4.015562259918624477e+01
3.982458838207276131e+01
3.953079496342979837e+01
3.727248847080682026e+01
3.984987131030993623e+01
4.775546816883434076e+01
5.567176374149494222e+01
6.128069175822292891e+01
6.724932724949212570e+01
6.967283277755268500e+01
6.823503849639746477e+01
6.509603290381892293e+01
5.824308639577157010e+01
5.127794363947487000e+01
4.337170407621397317e+01
-6.884462244047426793e+00
2.179956007657892769e+00
1.192341034321543702e+00
1.089719019958465651e+00
8.056836744323845778e+00
1.473391831285243825e+01
2.094130775825942692e+01
2.304055990284632571e+01
2.328296222626067902e+01
2.261789318206865573e+01
2.378985997095242055e+01
2.641106821854828013e+01
3.268311116171480535e+01
4.558274855471518094e+01
5.185286224773699360e+01
5.921081694913573301e+01
6.071174873938161909e+01
6.098284369071188848e+01
5.749359946479398786e+01
5.538726035746276466e+01
5.201785158771417628e+01
4.696385365897367592e+01
-1.558513844632761902e+01
-1.336520891562940960e+01
-1.383083768332653563e+01
-1.535076149651558808e+01
-8.657978204781102249e+00
-1.239386488104173623e+00
4.446081854472140549e+00
7.300280900632969860e+00
3.809889423217100557e+00
5.126515970843684045e+00
5.931610214619468024e+00
6.831120103802277299e+00
1.225876718327981507e+01
2.462341577439019602e+01
3.215816449795875087e+01
3.707721032360950630e+01
4.080226569079604815e+01
4.407053422558510647e+01
4.282483270853299473e+01
4.618402001283448044e+01
4.852145430424570804e+01
4.702666730576856935e+01
-2.368252866362308851e+01
-2.240564485675076867e+01
-2.571892744356318872e+01
-2.689167910733613098e+01
-1.815799022800365492e+01
-1.116545700925962592e+01
-6.194708749523670122e+00
-4.717412687525211368e+00
-9.855906542840784823e+00
-1.014483256611129036e+01
-1.111093142924528365e+01
-1.261148050612700899e+01
-8.562142111607499828e+00
2.484994482407273608e+00
7.939980429137904139e+00
1.137580808604707272e+01
1.420372531826433260e+01
1.303309825959513546e+01
2.147671749982055189e+01
3.327487522661522235e+01
4.391047078929386771e+01
4.878226636299859820e+01
-2.891077013338144752e+01
-2.897146295151833328e+01
-3.082313853898904199e+01
-2.703056254401144542e+01
-1.962022812947816419e+01
-1.192189315465657273e+01
-7.511936438301745511e+00
-5.764410138059247402e+00
-1.256790606002414279e+01
-1.801715759153285035e+01
-2.320866518358343455e+01
-2.442738750050284580e+01
-2.171991728648299613e+01
-1.263745354140701238e+01
-8.297506282243375608e+00
-1.196231420504682319e+01
-8.875832073432320612e+00
-1.370650596855648473e+01
-7.115763434194377623e-02
1.871785155215275154e+01
4.289226140469691018e+01
5.483916808966387180e+01
-3.111107863582674327e+01
-2.920405012725314009e+01
-3.142943401483717025e+01
-2.310021010627315263e+01
-1.461061789455197868e+01
-6.086248841568703938e+00
-2.823707948779883736e+00
-5.104859672093880363e+00
-1.274110046668738505e+01
-1.742922055318740604e+01
-2.285200987889857061e+01
-2.676414943108738953e+01
-2.390503745203295693e+01
-1.881570417731018097e+01
-1.907829778961058764e+01
-2.423707477412699518e+01
-2.807812195343831263e+01
-3.188800994883240492e+01
-1.548172268486905523e+01
1.983673994071796187e+01
4.454090534522583766e+01
6.125191472415735916e+01
-2.973977919522258162e+01
-2.816292416866326676e+01
-2.636487374362513947e+01
-1.727470018710846489e+01
-8.606504202272844850e+00
-2.132567473471681296e+00
3.181403564076390467e-01
-2.392908397237988538e+00
-1.083271780663926620e+01
-1.268876125199039961e+01
-1.582274127422442689e+01
-1.838539480763665779e+01
-1.736086887488454522e+01
-1.488762752870843542e+01
-1.558674593673549680e+01
-2.016907395299767813e+01
-4.422676323730684089e+01
-3.930582333040365484e+01
-1.447187229882092652e+01
1.590790495165401808e+01
4.920374060501944768e+01
7.328537529828645347e+01
-2.360460098879866564e+01
-2.841460573148106050e+01
-2.219912108829612407e+01
-1.385596503226224741e+01
-6.133632793944343575e+00
-2.408251411859964719e+00
5.611667259199748514e-01
-2.480899928024882684e+00
-7.749572807073491276e+00
-1.099552692147244670e+01
-1.192350430652459181e+01
-8.295185177463281434e+00
-7.849006432775240683e+00
-1.428040109270659741e+01
-1.521545001532558672e+01
-2.427586762156624900e+01
-3.937326369769107259e+01
-3.925208768267748383e+01
-2.015103057286887633e+01
1.164106271806667792e+01
4.505675384392634442e+01
7.825727415375968121e+01
-1.777375710241540219e+01
-1.962869358594252844e+01
-1.914711627596443577e+01
-1.438317220375211036e+01
-1.019616721966303885e+01
-4.374746080025943229e+00
-2.335047927156665537e+00
-5.844984320467119687e+00
-8.009913060205690272e+00
-9.925050059204295394e+00
-1.106915374598156632e+01
-7.395640428071601491e+00
-8.159606191627062799e+00
-1.176444455888304219e+01
-1.642688235441983124e+01
-2.623859987507967162e+01
-4.255174969846939348e+01
-4.006660431996169791e+01
-2.370326767587721406e+01
4.924889538269781042e+00
3.488363253772058670e+01
7.541638138241705747e+01
-1.335385395676621556e+01
-8.465477957878647430e+00
-1.595228711662093701e+01
-1.342676926163949247e+01
-1.178696863458935695e+01
-9.164614723018530640e+00
-4.933431491389455914e+00
-6.698751888004153443e+00
-7.841688828873884631e+00
-8.873563721178470587e+00
-1.080619043520528066e+01
-1.285889938287891709e+01
-1.621803776258002472e+01
-1.929784375734925561e+01
-2.678389263170811319e+01
-3.609099089769824786e+01
-5.181229854086541309e+01
-4.954725457234690111e+01
-3.292131236500608793e+01
-7.511310767312352255e+00
2.200723304168241157e+01
6.935505162716344785e+01
-1.581252714660877245e+01
-8.725395012972512632e+00
-5.628557986320629425e+00
-4.586496228747819259e+00
-9.373943727586265595e+00
-8.540604651039757300e+00
-6.486679327380443283e+00
-5.876867553405645594e+00
-6.277178211160389765e+00
-6.558676687724982912e+00
-8.877276795554280397e+00
-1.274067463258052157e+01
-1.945305345232918626e+01
-2.627503815360978479e+01
-3.217883254993557784e+01
-4.645235342569503700e+01
-6.389736538126271626e+01
-6.411956620031560306e+01
-4.867380242707076832e+01
-2.432629464485853532e+01
6.923089035269185842e+00
5.912429162734406418e+01
-2.471993643687528674e+01
-1.390161944651026715e+01
-7.670933915610476106e+00
-2.404127397165211732e+00
-6.665173606844291498e+00
-9.108920152949394833e+00
-6.816040768309903797e+00
-6.301526984140764398e+00
-4.151893440137428115e+00
-3.061486165004680515e+00
-3.743498314076532552e+00
-8.238247768920700764e+00
-1.565472640210282407e+01
-2.213665929770104412e+01
-3.142424898306126124e+01
-4.805313998558904132e+01
-7.124501318558486673e+01
-7.750880177463750442e+01
-7.087273617044593266e+01
-4.277887898277094791e+01
-1.173485712846377282e+01
3.197093056855646864e+01
-4.058991268021782162e+01
-3.369400024861261045e+01
-1.673870821235686890e+01
-5.960679615117442154e+00
-4.912803882756634266e+00
-5.551647868823238241e+00
-7.227043404473988630e+00
-2.112303921468082990e+00
1.965657617110991850e-01
2.027242849061622110e+00
2.903882065317702654e+00
-2.578561060552601703e+00
-9.415590514908217301e+00
-1.125941840003542893e+01
-1.739456316339965269e+01
-4.155481621738454123e+01
-6.563174836205143947e+01
-8.110194771460010088e+01
-7.626592544084087422e+01
-5.316722919014773652e+01
-2.719245530270200106e+01
-3.171708716708053544e+00
-6.494154350777171203e+01
-4.058402480571385240e+01
-2.014478596817480138e+01
-1.605453020341701631e+01
-6.444655124904784316e+00
-4.947345415602285357e+00
-6.345992296330223326e+00
-3.174930554691854923e+00
2.513341454292458366e+00
5.631858765784272691e+00
1.165147296419490885e+00
-2.481594316585869819e+00
-2.949878514369629556e+00
6.933825346868616180e-01
-2.916943210647332307e+00
-2.936682978036060376e+01
-5.868936863292674389e+01
-7.580356424048386543e+01
-7.128219701080070081e+01
-4.763960321848662716e+01
-2.138412696789509937e+01
2.221634601912228391e+00
-7.973105302392286831e+01
-5.200512878932113381e+01
-2.724566619091729081e+01
-1.990770328047074145e+01
-1.148333317032938794e+01
-6.375830068343930179e+00
-1.040903554798205732e+01
-8.417020643977593863e+00
-3.815215665327741590e+00
2.428435697142958816e+00
2.265459667791219545e+00
3.804808735958431498e-01
7.384403283573192311e+00
1.243296798709343420e+01
9.899954023997452168e+00
-1.432191992967273109e+01
-4.514187347535062145e+01
-5.741900183376219502e+01
-5.315487790138922719e+01
-2.843336087118041178e+01
-7.121055077926030208e+00
1.614798580123624561e+01
-8.553489160383560375e+01
-5.574430215927532117e+01
-2.698628481074047158e+01
-2.146591050362894748e+01
-1.453303500144556892e+01
-1.190790330679374165e+01
-1.952841098116368812e+01
-2.087558146249375568e+01
-1.253343087302982894e+01
-5.724815566222787311e+00
7.945631938828228158e-01
8.620467227896369877e+00
1.239795448215863871e+01
1.748185059299066779e+01
1.069603057873246144e+01
-6.685224947508686455e+00
-2.550308023390607559e+01
-3.410101435172327911e+01
-1.902549691786953190e+01
-2.544112783162745473e+00
1.600888515972201276e+01
3.615168368324157200e+01
-7.138751303820845351e+01
-3.979421355024442164e+01
-1.678172072206234589e+01
-9.929520018051334773e+00
-1.272480390273358353e+01
-1.983954894265934854e+01
-2.747552980240106990e+01
-3.025613728165171779e+01
-2.271425091484707082e+01
-9.769605822328230715e+00
-2.938902364988280169e+00
8.716767964797327295e+00
9.645164987174212001e+00
1.720951061438336183e+01
1.569449042851374543e+01
7.961676865716071916e-01
-7.691452524123633339e+00
-6.952117369624829735e+00
2.665841778914000315e+00
1.860372263848512375e+01
3.548027551807717828e+01
5.319402768828422268e+01
-5.109928391274115711e+01
-2.093691199202839925e+01
-3.876835496571402473e+00
-3.361946741687461326e+00
-1.138216736174035759e+01
-2.580073804413495964e+01
-3.231099718735367787e+01
-3.328610168106843048e+01
-2.743029021881920926e+01
-1.131832213581128599e+01
-3.386746745659365843e+00
6.884305032330303220e+00
9.612453677096709725e+00
1.380893296592694242e+01
1.602074643142805144e+01
1.311695807365958899e+01
1.429938104044140346e+01
1.310978519600666914e+01
1.955757740107219433e+01
3.178289285781920626e+01
4.722563565848031431e+01
6.218116508677303500e+01
-3.384745161662340251e+01
-4.136163110688357847e+00
4.672189701805109507e+00
-3.803575095808810147e+00
-2.331656252586799383e+01
-3.095174239388779824e+01
-3.175390043425704789e+01
-3.092432289389944344e+01
-2.354351017826320458e+01
-1.259077902604803967e+01
-8.374058192830489133e-01
1.078134945817964763e+01
6.619671930941876781e+00
8.655899864228558727e+00
1.431524871032888768e+01
2.285427273825825978e+01
2.752220717255113414e+01
3.012744498727533937e+01
2.929003695172195876e+01
3.687832083734156186e+01
5.121306404742608720e+01
6.450611332545486221e+01
-2.792298405387282401e+01
-9.797670218267739983e-02
6.248319191253358440e+00
-1.908447427154806064e+01
-2.713334719447811949e+01
-2.937596401959399373e+01
-3.030074922299172613e+01
-2.567826374881497031e+01
-1.542912868516759772e+01
-4.079150216935886419e+00
5.703580614056591003e+00
1.177164288557833061e+01
8.330937173098391213e+00
9.580367089542050962e+00
1.717331205374739511e+01
2.412117841649887851e+01
2.997598862732411362e+01
3.573968266456176934e+01
3.372833057402931445e+01
3.771828117725272023e+01
4.430459581333798269e+01
5.696702929064394993e+01
-3.592819693375713541e+01
-5.549001138749190432e+00
-2.871167924438577757e+01
-2.549693224118254875e+01
-2.702984832822130556e+01
-2.571254494498680288e+01
-2.099784058084333083e+01
-1.633982863608252956e+01
-7.481702782803040463e+00
2.343637448826484615e+00
1.036776920976171823e+01
1.159177523553898936e+01
1.165725982498224766e+01
8.841739324197988026e+00
1.468477956872175128e+01
2.456939459186833119e+01
3.003883749787019042e+01
3.373657713402735681e+01
3.285376054116022715e+01
2.992530125814573694e+01
3.633703960328330140e+01
4.530868667215963796e+01
-5.924622559501585783e+01
-2.720549989532082691e+01
-3.849519310719279019e+01
-2.795681336189500144e+01
-1.879937015169798542e+01
-1.517413934444903134e+01
-8.328823536805430194e+00
-3.393295253899850650e+00
1.400465735048783245e+00
5.184989708462126146e+00
1.068460119390510954e+01
1.103692134164612071e+01
1.308403709176309349e+01
8.419417412244911247e+00
1.200475626732350065e+01
2.106451852443115058e+01
2.767095625718502561e+01
3.227302387009967788e+01
3.202633390878054342e+01
2.943248241672517906e+01
2.767459019678881305e+01
2.938272266436251812e+01
-7.233920412483075779e+01
-4.677675463919695176e+01
-3.318948678950891917e+01
-2.515493355761009298e+01
-1.130621149400030845e+01
-2.075882475885919121e+00
5.495755302223187755e+00
8.467857706431459519e+00
8.512200193415992544e+00
9.242708613911418070e+00
1.181678630919486750e+01
9.680937828291462210e+00
1.037338984609050385e+01
1.012741498644118110e+01
1.114694912836330332e+01
1.671370799233318394e+01
2.188343731209442922e+01
2.832036176308156428e+01
3.168473512661967106e+01
2.912069644531584345e+01
1.903322737599683023e+01
2.011473704378749972e+01
-7.678279212756933703e+01
-4.361228810563443403e+01
-2.754908787069871323e+01
-1.242057767326059547e+01
-4.401408604289827053e-01
5.812182883425521140e+00
1.450441966526705073e+01
1.655327165276685264e+01
1.406531941549110343e+01
1.219838546851951833e+01
1.371023265556323167e+01
1.168784713117383944e+01
9.425282271228752506e+00
7.893947795083477104e+00
8.664519773642496148e+00
1.082157803621248604e+01
1.603390071460580657e+01
2.049599080461030098e+01
2.411659068230437697e+01
1.488248147811373201e+01
9.887768247815984068e+00
3.574796054868784267e+00
-6.838368085219462955e+01
-3.270491715039952396e+01
-1.599935575739800697e+01
-4.133255367809397285e+00
5.408102616311225574e+00
9.877057084129774012e+00
1.509180060369453713e+01
1.696425433421336493e+01
1.551225259879993246e+01
1.560935273996983597e+01
1.491513246459362563e+01
1.400265674632555601e+01
1.188156633160087949e+01
7.495417946271118126e+00
5.656986383390176343e+00
5.871384413904706889e+00
9.331194621870054107e+00
1.426404455357715051e+01
1.544371105201298633e+01
8.868602102968907275e+00
4.172798918893022346e+00
1.921397079692724219e+00
-4.431096762565812242e+01
-2.229281909207384160e+01
-7.416533769829584344e+00
1.891355219404431409e+00
3.482414306903592660e+00
7.488692387050832622e+00
9.805960304883228673e+00
1.375163302126293274e+01
1.277371277603469935e+01
1.697835568034770404e+01
1.743416072695163166e+01
1.716064144348547416e+01
1.337001524143761344e+01
6.320417596137303917e+00
2.350478003748321498e+00
3.816670471288489352e+00
6.695321826233339380e+00
8.723313981595310906e+00
1.072152711837043171e+01
7.940404387926719210e+00
3.613859236341340875e+00
-1.519050184278967208e+00
-2.590677275709640526e+01
-6.709970347561466042e+00
6.103042530031416391e+00
1.233619774095677712e+01
2.581868562766430841e+00
5.839113738666128484e+00
6.542821400303182600e+00
9.746482348307836219e+00
9.656360707742351224e+00
1.507053382233880257e+01
1.793921858964495186e+01
1.712684491686832189e+01
1.103999557573297352e+01
7.595508659391271067e+00
2.295313195294511388e+00
5.052546705747772648e+00
6.835401348627783591e+00
8.241379418883298058e+00
8.072981924276973587e+00
5.516500108441505290e+00
1.307129752673972689e+00
-2.810825829146779142e+00
-6.262891113550722366e+00
7.886172220790285792e+00
1.928303449353825272e+01
2.125934177097678912e+01
-4.621276256818418915e+00
-8.006917822905052162e+00
-1.265621010499671684e+01
-1.270712349240511685e+01
-4.625752896776248235e+00
-7.331004877460145508e-01
5.897192805159647833e+00
1.657703967447287141e+01
1.758465800010708335e+01
7.757130865807084774e+00
5.835130990072684654e+00
6.594973924956320843e+00
9.800897323755634716e+00
1.063530801781689661e+01
9.677522878863783262e+00
6.981473501045911689e+00
2.902633391000563279e+00
-1.252461436417434015e+00
