5.458667139687739109e+03
5.537825315423268876e+03
5.356014558450915501e+03
5.324570467565492436e+03
5.225269353878504262e+03
5.212506498110047687e+03
nan
5.285062875243826966e+03
5.195208541010714725e+03
5.433588801365779545e+03
nan
5.450942149637387047e+03
5.245598282554097750e+03
5.370408817591280240e+03
5.207067467735100763e+03
5.483803436559460351e+03
5.230798599201546494e+03
5.204406175129125586e+03
5.286744520863624530e+03
5.275997549046387576e+03
5.305303088162022505e+03
5.248660345960102859e+03
5.369628580820818570e+03
5.453068960623770181e+03
5.420733169415032535e+03
5.385166182307999406e+03
5.442323801747300422e+03
5.549843151178291919e+03
5.344395089346141503e+03
5.711162968071365867e+03
5.337186106828824450e+03
5.443856854107303661e+03
5.658698393067439611e+03
5.465608879951564631e+03
5.332680226080551620e+03
5.394567071364825097e+03
5.615073396983139901e+03
5.787887672036986260e+03
5.330861445358860692e+03
5.510588028064325954e+03
5.817945050532334790e+03
5.779093763364609913e+03
5.390955075993430910e+03
5.798873299119918556e+03
5.311681529810736720e+03
5.666542726856027912e+03
5.761677339619755003e+03
5.510943678595685014e+03
5.333899806029825413e+03
5.629968452486573369e+03
5.812443287932434032e+03
5.771171136717886839e+03
5.514879226008810292e+03
5.463765203346204544e+03
5.680988388820160253e+03
5.569105812970577972e+03
5.466481507145402247e+03
5.678929427067187135e+03
5.666169008430077156e+03
5.671028648526696998e+03
5.532075387431520539e+03
5.882979376627296915e+03
5.321038083544963229e+03
5.821837544703048479e+03
5.479130829901526340e+03
5.639409564198015687e+03
5.673657881579070818e+03
5.442695454929556945e+03
5.427234852541037981e+03
5.612985296398532228e+03
5.777455001021276075e+03
5.593637868021501163e+03
5.724916946254796130e+03
5.727149805971084788e+03
5.695426806886362101e+03
5.526483562047194027e+03
nan
5.826271563243289165e+03
5.836446570721125681e+03
nan
nan
5.536979819705788941e+03
5.818038405631512433e+03
5.759722755725810202e+03
5.410040417480513497e+03
5.757675108620693209e+03
5.532748152336710518e+03
5.821474115566495129e+03
5.871690325068320817e+03
5.521973246070558162e+03
5.777060622537424933e+03
5.872110385914289509e+03
5.595174633709019872e+03
5.589351989737563599e+03
5.778588430555371815e+03
5.851506986815137680e+03
5.643823961901121947e+03
5.877303657748180740e+03
5.635446991572992374e+03
5.585171612329912932e+03
5.620442021920004663e+03
5.610091470635340556e+03
5.669781965517277058e+03
5.326360968186837454e+03
5.391191915727395099e+03
5.322986761828501585e+03
5.613774008354997932e+03
5.687416630486888607e+03
5.707964009108216487e+03
5.495296466117068121e+03
5.475898605333853993e+03
5.440519323187858390e+03
5.646869844262476363e+03
5.763448346411178136e+03
nan
5.881925240366306753e+03
5.712561629167847059e+03
5.770782905353424212e+03
5.850015878551054811e+03
5.423388564136247624e+03
5.484503578855612432e+03
nan
5.867190950959050497e+03
5.406212630293695838e+03
5.842889495631121463e+03
5.636312050326740064e+03
5.567925549799760120e+03
5.473081267009207295e+03
5.493542152431085015e+03
5.472165857958479137e+03
5.731758537101261936e+03
5.686244603260584881e+03
5.342228415687510278e+03
5.587178149466738432e+03
5.328332206184612915e+03
