5.281917644733567613e+03
5.301679363281393307e+03
5.332935675112316858e+03
5.351563479139869742e+03
5.352079679932765430e+03
5.375737421292918953e+03
5.385384659880764957e+03
5.399278819805373132e+03
5.414870241611783058e+03
5.443583244007448229e+03
5.460286022903528647e+03
5.498051723922353631e+03
5.518223429836414653e+03
5.566490913541743794e+03
5.577355577064714453e+03
5.651357558867093758e+03
5.689178728665592644e+03
5.725040624265966471e+03
5.774885636358143529e+03
5.835314607875174261e+03
5.896817223013204057e+03
5.964436165102524683e+03
5.282271436441010337e+03
5.306296326994308401e+03
5.332872130137648128e+03
5.352610617230991920e+03
5.356056092861646903e+03
5.373907066807818410e+03
5.383401854143379751e+03
5.399318900769441825e+03
5.406811660560144446e+03
5.433514646876186816e+03
5.451694289034716348e+03
5.481115946359162990e+03
5.495470723125745280e+03
5.522727133413529373e+03
5.569360151147626311e+03
5.598257986650305611e+03
5.629491191626497312e+03
5.663886716003620677e+03
5.717029310558700672e+03
5.759629754781431984e+03
5.811531905497584376e+03
5.878608560068285442e+03
5.275517384353004672e+03
5.304579408013132706e+03
5.322539050346444128e+03
5.348129832723761865e+03
5.355049501868110383e+03
5.364513882368242776e+03
5.381642270555372306e+03
5.397256755674263331e+03
5.398595077919613686e+03
5.424921170462001101e+03
5.445383688925212482e+03
5.456202755652390806e+03
5.480562312420208400e+03
5.492268697265089941e+03
5.529934154195698284e+03
5.551685150886131851e+03
5.579330680968437264e+03
5.610586219592201815e+03
5.648243669864103140e+03
5.697792363471904537e+03
5.745374284335288394e+03
5.804894119737960864e+03
5.284358068990984975e+03
5.301632525850271122e+03
5.322904596274755022e+03
5.344391168206702787e+03
5.353366100719178576e+03
5.359739033554960770e+03
5.374741579567315057e+03
5.393855639241424797e+03
5.414185200449579497e+03
5.421586112788312676e+03
5.426097388937163487e+03
5.443001911630768518e+03
5.462646587140254269e+03
5.479276316331725866e+03
5.499425353601526695e+03
5.516978442552533124e+03
5.538251833371397879e+03
5.570292198626014397e+03
5.598867384055680304e+03
5.637530023107756278e+03
5.684006875838742417e+03
5.731578827390490915e+03
5.291105602889272632e+03
5.303678284524587070e+03
5.318713489513644163e+03
5.341555969464263399e+03
5.347446696930246617e+03
5.361288630277365883e+03
5.379004025638909297e+03
5.388670028000966340e+03
5.403172310151940110e+03
5.414950886110922511e+03
5.423566343438810691e+03
5.439476338211520670e+03
5.447854454246869864e+03
5.463272747465467546e+03
5.480423591897912047e+03
5.501117325669870297e+03
5.516984190585058968e+03
5.540184110278930348e+03
5.565170036163057375e+03
5.593022383497118426e+03
5.632108438569051941e+03
5.681919282132032095e+03
5.283223462874713732e+03
5.292006973909336011e+03
5.311484513659634104e+03
5.339600302764727530e+03
5.343599966066263733e+03
5.358179295816897138e+03
5.374617697499668793e+03
5.387909918164456030e+03
5.400395384865340020e+03
5.410983861360236915e+03
5.428576631531494058e+03
5.432441109936678913e+03
5.441711276883855135e+03
5.456861438251756226e+03
5.474237960146976548e+03
5.489204777534756431e+03
5.503739197276768209e+03
5.525079698051651576e+03
5.543458318290859097e+03
5.569965195578583007e+03
5.598952762908302248e+03
5.642318908164263121e+03
5.278172397944643308e+03
5.288712109533238618e+03
5.306820653832888638e+03
5.329841729887693873e+03
5.335621264735720615e+03
5.356109997009174549e+03
5.374089393068685240e+03
5.390538700092340150e+03
5.401621674218552471e+03
5.416644438814920250e+03
5.428711376102325630e+03
5.433221158437896520e+03
5.441608979096132316e+03
5.457694868559731731e+03
5.473957401788327843e+03
5.486402140308527123e+03
5.502924230956376960e+03
5.517430858155462374e+03
5.532656634020696401e+03
5.554562347186863917e+03
5.582183674393125330e+03
5.615077809270038415e+03
5.268478633726739645e+03
5.283721642207268815e+03
5.314886668078290313e+03
5.334032103298519360e+03
5.336368378997136460e+03
5.357529563933843747e+03
5.376904473794984369e+03
5.389654178921078710e+03
5.407201284587490591e+03
5.414582599730898437e+03
5.431362069239870834e+03
5.439440218087226640e+03
5.453464113311669280e+03
5.465339266204868181e+03
5.480123274906224651e+03
5.492119602654318442e+03
5.506357447144684556e+03
5.521669014159781000e+03
5.533851125246041192e+03
5.551578828677422280e+03
5.575140554841922494e+03
5.600813950824242056e+03
5.271489201734588278e+03
5.294543506120640814e+03
5.315997339848247066e+03
5.334969171318491135e+03
5.347603964293988611e+03
5.362086012642546848e+03
5.381717515318874575e+03
5.395752142434565030e+03
5.409812937728042925e+03
5.424425856875614954e+03
5.437281170826066045e+03
5.449089054838650554e+03
5.467529944013102977e+03
5.481691687773158264e+03
5.492230993252456756e+03
5.507544909886642927e+03
5.517743964628090907e+03
5.531145651316510339e+03
5.542173958216890242e+03
5.560802091048090915e+03
5.576415504029751901e+03
5.602428816462666873e+03
5.263474680384371823e+03
5.289975104136201480e+03
5.314066126445308328e+03
5.336994533842305827e+03
5.359538633543197648e+03
5.365291051205631447e+03
5.387655767368123634e+03
5.404223161898860781e+03
5.419739512673677382e+03
5.435424425127716859e+03
5.455583615759804161e+03
5.464641317866214195e+03
5.478075498230952689e+03
5.498440656268325256e+03
5.512475191047247790e+03
5.526553669324903240e+03
5.540719847419408325e+03
5.550986177308433071e+03
5.552688724779989570e+03
5.567956051324000327e+03
5.588815289408821627e+03
5.609564682383537729e+03
5.265594563688156995e+03
5.293465624442409535e+03
5.324019957554432040e+03
5.343493814410714549e+03
5.366705525011659120e+03
5.373243831906993364e+03
5.394194247690948032e+03
5.416171360540101887e+03
5.435228715851428205e+03
5.454448581009315603e+03
5.474181193160609837e+03
5.482833630746615199e+03
5.498946119290239039e+03
5.516010275478505719e+03
5.529913347899037944e+03
5.542852551098949334e+03
5.557721377854177263e+03
5.569891813322014059e+03
5.580398028639394397e+03
5.596818095397822617e+03
5.616338984777639780e+03
5.617779016857793977e+03
5.276130417073381977e+03
5.303890484916493733e+03
5.332880309044929163e+03
5.351042672689492974e+03
5.377247381514074732e+03
5.396190550380379136e+03
5.407761649853537165e+03
5.429191154043941424e+03
5.450355193244455222e+03
5.468360666696324188e+03
5.485009468645916058e+03
5.501367166093693413e+03
5.517848454878895609e+03
5.532889355798890392e+03
5.547447910372013212e+03
5.560149037390217927e+03
5.573964399445075287e+03
5.585771529015776650e+03
5.595098710986067090e+03
5.613758339505780896e+03
5.631806626921881616e+03
5.651314779118847582e+03
5.279619832500849952e+03
5.307761763535190767e+03
5.338014217723019101e+03
5.364650731387631822e+03
5.395134778496891158e+03
5.406422987687352361e+03
5.425220690857049703e+03
5.443316580832832187e+03
5.461337251305842983e+03
5.485004081810503521e+03
5.502926319390430763e+03
5.516739820512656479e+03
5.533132145367024350e+03
5.548196911397617441e+03
5.576959443363319224e+03
5.584900748006106369e+03
5.601091265012232725e+03
5.612978615952615655e+03
5.627780658282639706e+03
5.639411009859027217e+03
5.654749098749865880e+03
5.675366638369941938e+03
5.285019895445320799e+03
5.322186450831961338e+03
5.345549191339110621e+03
5.377668695787533579e+03
5.404013624996090584e+03
5.426740491472422946e+03
5.442188161199588649e+03
5.456266196521457459e+03
5.480120015540044733e+03
5.498867867346139974e+03
5.518722342568940803e+03
5.538984804445885857e+03
5.569210769399758647e+03
5.579149041526785368e+03
5.594975817044476571e+03
5.607212868610142323e+03
5.615223867525590322e+03
5.633627195569355536e+03
5.644308559763006087e+03
5.659571568857760212e+03
5.675704655659015771e+03
5.690207015337960911e+03
5.292728871722822078e+03
5.332493761259287567e+03
5.359448587633538409e+03
5.391765858397702686e+03
5.422184929056433248e+03
5.443671801918788333e+03
5.463521716343360822e+03
5.480358196190803937e+03
5.494613569015325993e+03
5.523235214187693600e+03
5.553733098379640069e+03
5.567202211638648805e+03
5.585015360030105512e+03
5.597926035586896433e+03
5.611831210518189437e+03
5.626073494263667271e+03
5.639096018519741847e+03
5.647697535096099273e+03
5.664812590433905825e+03
5.676246653355357921e+03
5.691921595829040598e+03
5.710064798268671439e+03
5.311714869741730581e+03
5.350379141557521507e+03
5.374454006530984771e+03
5.412989516027846548e+03
5.437843704762377456e+03
5.461161502651675619e+03
5.479141905928723645e+03
5.500915347181769903e+03
5.535644930506868150e+03
5.551411772812532945e+03
5.571779140967340027e+03
5.585178358822267910e+03
5.598999515722709475e+03
5.617513778164744508e+03
5.634406140980161581e+03
5.645637867530816948e+03
5.659368673994059463e+03
5.671824417433440431e+03
5.682887719488362563e+03
5.698951068858451436e+03
5.710201272378768408e+03
5.732343191224983457e+03
5.326877837698553776e+03
5.362592983388050925e+03
5.406349843518992202e+03
5.437163894337913007e+03
5.475638628966045871e+03
5.495383736537431105e+03
5.513325454833704498e+03
5.537147656458327219e+03
5.564851095060930675e+03
5.585990092749974792e+03
5.602576379665866625e+03
5.606630551821724112e+03
5.619330674130984335e+03
5.638818726979623534e+03
5.656571374567499333e+03
5.668589864671320356e+03
5.679783005868059263e+03
5.692525943267915864e+03
5.708219044250579827e+03
5.720954486423918752e+03
5.733553901394152490e+03
5.755307071559547694e+03
5.336277200833317693e+03
5.389253249687979405e+03
5.429250848267558467e+03
5.459325954642594297e+03
5.496663274207989161e+03
5.526363142856140257e+03
5.547319577818910147e+03
5.566065408609394581e+03
5.587553528912046204e+03
5.608184179733218116e+03
5.630012735809197693e+03
5.646137649459915338e+03
5.657048662983306713e+03
5.676114668799840729e+03
5.685897387073581740e+03
5.698053691981311204e+03
5.713385388633669209e+03
5.721887547113827168e+03
5.736693431947463978e+03
5.747581496234288352e+03
5.760514960383092330e+03
5.772750356930340786e+03
5.364480558112501967e+03
5.409210089977916141e+03
5.443677560759448170e+03
5.478455373574030091e+03
5.510948173719505576e+03
5.547659366356854662e+03
5.569236327635914677e+03
5.592858225632952781e+03
5.612324014001993419e+03
5.630671274705637188e+03
5.653981674234950333e+03
5.674277510294746207e+03
5.686007799639966834e+03
5.699370710500828864e+03
5.714792666018496675e+03
5.724613298494050468e+03
5.733814499441589760e+03
5.741364039516791308e+03
5.757227927236733194e+03
5.769111543462232476e+03
5.780263781101744826e+03
5.794821139633784696e+03
5.375692223306046799e+03
5.421176068789054625e+03
5.456858908176709519e+03
5.496064738742483314e+03
5.532364136268055518e+03
5.565102465773174117e+03
5.584901090104709510e+03
5.610080877296166364e+03
5.634079341392891365e+03
5.653504564554972603e+03
5.673930423907034310e+03
5.695392516204257845e+03
5.710802092983989496e+03
5.722278071769111193e+03
5.739854642257771047e+03
5.753532864047749172e+03
5.765819785609566679e+03
5.774551743799012002e+03
5.785614105489765279e+03
5.799559797694049848e+03
5.810635453049228090e+03
5.811373212714604961e+03
5.384324967979238863e+03
5.426591523854134721e+03
5.465288383493052606e+03
5.505631188667313836e+03
5.545916885330316290e+03
5.582362266230306886e+03
5.604913963515510659e+03
5.628800439233426005e+03
5.651174230079509471e+03
5.676402221840019592e+03
5.694838829823829656e+03
5.715759796575829569e+03
5.739367206320393052e+03
5.746180665113477517e+03
5.763356790495483438e+03
5.777852822100975573e+03
5.791934400952351098e+03
5.804925058525536770e+03
5.814289205444662002e+03
5.828648414237524776e+03
5.830504116082081964e+03
5.838175216834328239e+03
5.394661478357069427e+03
5.434545701972410825e+03
5.477014166370958264e+03
5.518604254918507650e+03
5.556530941705599616e+03
5.593045951395198244e+03
5.620743041636277667e+03
5.645704086644455856e+03
5.673810730702095498e+03
5.698818070883511609e+03
5.726162707099593717e+03
5.745275794216538998e+03
5.757557084993040007e+03
5.769623859797624391e+03
5.779012098392571716e+03
5.796472571812792921e+03
5.809180622703796871e+03
5.827508527162549399e+03
5.840879935254338307e+03
5.843292562801188978e+03
5.855221423582806892e+03
5.861256011973964632e+03
5.399784641312069652e+03
5.441251088666069336e+03
5.488473459576131063e+03
5.530633768485760811e+03
5.569883302798375553e+03
5.605478421311807324e+03
5.636254027213824884e+03
5.661764301666377833e+03
5.686897794228817475e+03
5.715592483983634338e+03
5.740895657065811974e+03
5.761088257079514733e+03
5.780451702546788511e+03
5.790785656784451021e+03
5.799319612650834642e+03
5.814503071361378716e+03
5.825838827467306146e+03
5.845591402621740599e+03
5.852424280439169706e+03
5.860942952155788589e+03
5.866597950709912766e+03
5.873752808112110870e+03
5.411767980719328989e+03
5.453425496597981692e+03
5.494887329445546129e+03
5.535238888006329944e+03
5.574008502137774485e+03
5.612174417520423049e+03
5.649559259329771521e+03
5.675803617026513166e+03
5.700226028209743163e+03
5.729397206030228517e+03
5.753600000571772398e+03
5.775827051675354596e+03
5.796358051241551038e+03
5.807692999167625203e+03
5.822587799812733465e+03
5.842928342015574344e+03
5.850693845898119434e+03
5.864306364804298937e+03
5.865808642072171097e+03
5.874956411490176833e+03
5.887004375135737064e+03
5.889156729954811453e+03
5.416669468595779108e+03
5.458354921889231264e+03
5.501158475639307653e+03
5.538621828896999432e+03
5.577359543442286849e+03
5.622240778889366993e+03
5.658498652928638876e+03
5.690081600826313661e+03
5.713026288253796338e+03
5.737505294738323755e+03
5.763537223255912977e+03
5.787883107704593385e+03
5.811394554392347345e+03
5.823846329668132057e+03
5.838482730524198814e+03
5.857390712626465756e+03
5.871544848624565930e+03
5.872363741697678961e+03
5.882684713468092013e+03
5.894461846135311134e+03
5.908697989040882021e+03
5.911901127129545785e+03
5.420344752479231829e+03
5.462171984265884021e+03
5.506548078248335514e+03
5.552391062261644947e+03
5.589479240887596461e+03
5.625499643440294676e+03
5.659276387868484562e+03
5.693554571411234974e+03
5.723504712525358627e+03
5.747485996779101697e+03
5.776899123078349476e+03
5.800199282759711423e+03
5.814889944283070690e+03
5.832894157284560606e+03
5.849540466289318829e+03
5.866568771823113821e+03
5.876422627489946535e+03
5.889982083633200091e+03
5.902681557796625384e+03
5.909485113115759304e+03
5.917302889025508193e+03
5.922304126608940351e+03
5.425279833715623681e+03
5.479969661116851057e+03
5.518338862592241640e+03
5.555854935267645487e+03
5.592212883240509655e+03
5.627034212757607747e+03
5.669160356615846467e+03
5.708538136886107168e+03
5.737967114981499435e+03
5.760096482772263698e+03
5.782296979895957520e+03
5.798300987811028790e+03
5.820667994718472073e+03
5.839041322195887005e+03
5.858695917878560977e+03
5.876409375191933577e+03
5.885422519418927550e+03
5.898479881268982354e+03
5.909804593910780568e+03
5.917741050872746200e+03
5.928387175354753708e+03
5.927661850054455499e+03
5.443103431928884675e+03
5.482784572352054965e+03
5.521070152227101062e+03
5.557053380418443339e+03
5.591679241909545453e+03
5.639888804810660986e+03
5.681171050619012931e+03
5.713983447755840643e+03
5.744285632576583339e+03
5.771397019819226443e+03
5.789535569489593399e+03
5.804151221284262647e+03
5.823776045061373225e+03
5.846202781463129213e+03
5.862697233287200106e+03
5.879369329210577234e+03
5.892794703174429742e+03
5.904964725546575210e+03
5.916050719830192975e+03
5.926254662666020522e+03
5.933436782029539245e+03
5.941133580327905293e+03
