5.307806588666801872e+03
5.345039768545717379e+03
5.364247433326545433e+03
5.388491284185250151e+03
5.405542879158962023e+03
5.421698865959197065e+03
5.441471574477212926e+03
5.477872067749247435e+03
5.494759518286462480e+03
5.526493711624177195e+03
5.544425720269820886e+03
5.564615259971107662e+03
5.592652552643171475e+03
5.605537823499003935e+03
5.640152246020705206e+03
5.679693472805217425e+03
5.721497122674521961e+03
5.767771027455113654e+03
5.822334119503328111e+03
5.820562812122254400e+03
5.854201183836674318e+03
5.994244538153987378e+03
5.309583075009043569e+03
5.327223938494992581e+03
5.358326560864006751e+03
5.382219529586782301e+03
5.393949740812536220e+03
5.400515698578443335e+03
5.419418901608825763e+03
5.439563119377370640e+03
5.452314663782998650e+03
5.471335452733231250e+03
5.491975900026646741e+03
5.507962268023100478e+03
5.525220931134207603e+03
5.549425248919798833e+03
5.572170515770520069e+03
5.598440768414333434e+03
5.631474645214379052e+03
5.671189260871700753e+03
5.733240729791228659e+03
5.784539756585094437e+03
5.817564411116909469e+03
5.922875843617483042e+03
5.277885144592377401e+03
5.307022837719142444e+03
5.327850785744411041e+03
5.358701477463784613e+03
5.364877361376540648e+03
5.372143990649958141e+03
5.388729140940535217e+03
5.412195628180233143e+03
5.421539737778162817e+03
5.432225381419983023e+03
5.449289915088672387e+03
5.464993954885300809e+03
5.475562310907615938e+03
5.497315017731747503e+03
5.510837350447048266e+03
5.538619438255584100e+03
5.573550220410573274e+03
5.605999022808133304e+03
5.651538361809080016e+03
5.705726310598114651e+03
5.782237960330152418e+03
5.860838224577717483e+03
5.267959270462637505e+03
5.280830117074341615e+03
5.300704739758624783e+03
5.312708554903059849e+03
5.335870414936792258e+03
5.356332941741351533e+03
5.374334112891207042e+03
5.389355553415478425e+03
5.401102640443778000e+03
5.416436359229502159e+03
5.424274741987581365e+03
5.433703971789050229e+03
5.444178201026134957e+03
5.463965689348481646e+03
5.476850474153590767e+03
5.499323206688450227e+03
5.532029881881485380e+03
5.568117670736903165e+03
5.608360979065238098e+03
5.656633715798365301e+03
5.730284109889325919e+03
5.781773126438056352e+03
5.243781619506779862e+03
5.262894569662050344e+03
5.290317655655437193e+03
5.307451058460888817e+03
5.329829366148480403e+03
5.351268411753067994e+03
5.352405573378080589e+03
5.373998582318172339e+03
5.391054778101371994e+03
5.402338721737158266e+03
5.415932808760347143e+03
5.415516429562529993e+03
5.423992145165184411e+03
5.433093379097495927e+03
5.445570621318828671e+03
5.469730116275441105e+03
5.498298423899562295e+03
5.530942266357302287e+03
5.567081560597022872e+03
5.615851730435477293e+03
5.687430590440795640e+03
5.770576399138139095e+03
5.248401379345759779e+03
5.249078110293994541e+03
5.279853787075631772e+03
5.299411473940961514e+03
5.310780102375409115e+03
5.337344955251137435e+03
5.357359137152714538e+03
5.366316493153386546e+03
5.386751243010245162e+03
5.392987482744412773e+03
5.398908907356998498e+03
5.412416556526086424e+03
5.408590194314878318e+03
5.414535799787590804e+03
5.433318134464429932e+03
5.449637040618452374e+03
5.473192063520263218e+03
5.506107531014091364e+03
5.535601383368337338e+03
5.585981505526566252e+03
5.650253879987532855e+03
5.681928160469527938e+03
5.232209020551308640e+03
5.235751280556709389e+03
5.267630297544332279e+03
5.282160918752490034e+03
5.297187549183914598e+03
5.326469124344150259e+03
5.362023600707365404e+03
5.377756200369231010e+03
5.393261543912381967e+03
5.397664825208266848e+03
5.394191558832736519e+03
5.407442655766267308e+03
5.402230551227738943e+03
5.412743239085895766e+03
5.420989786358051788e+03
5.436220303354777570e+03
5.454060690288477417e+03
5.477185228368687604e+03
5.506351290979037003e+03
5.559561662819707635e+03
5.587701896191876585e+03
5.626545120397120627e+03
5.230522564622999198e+03
5.245347681943875614e+03
5.263543350869620554e+03
5.273931431944467477e+03
5.300452047828073773e+03
5.335434743018940935e+03
5.354727914873019472e+03
5.391753276018733231e+03
5.400284837575156416e+03
5.410982703442303318e+03
5.411208896355926299e+03
5.421506864151328045e+03
5.410916761505473914e+03
5.409916454299826910e+03
5.415098612630845309e+03
5.426636030504653718e+03
5.439276928383375889e+03
5.454631168699092086e+03
5.485508655482658469e+03
5.532812022484416957e+03
5.563686060905933118e+03
5.605157001121489884e+03
5.232817422229483782e+03
5.245030765020190302e+03
5.257522265422894634e+03
5.286106694722591783e+03
5.312472819821001394e+03
5.349148423551345331e+03
5.364622072791875325e+03
5.398571731686888597e+03
5.416499883613745624e+03
5.421012691118219664e+03
5.418120460758857917e+03
5.429268716148247222e+03
5.420380332034295861e+03
5.418716729795793071e+03
5.415370106888509326e+03
5.426236882511569092e+03
5.436147233377974771e+03
5.450872397586998886e+03
5.476050260466912732e+03
5.509754500656214077e+03
5.548249074508645208e+03
5.589006046290616723e+03
5.234650322509301986e+03
5.248732897624362522e+03
5.272098527038868269e+03
5.301825908629352853e+03
5.322497963385401818e+03
5.356859451478816482e+03
5.393785486296777890e+03
5.415408475435609944e+03
5.438159644882704015e+03
5.448104613010493267e+03
5.444156923464557622e+03
5.443844654544931473e+03
5.435668900143390601e+03
5.437107517207859928e+03
5.430187080827495265e+03
5.428265848455066589e+03
5.441802735158724317e+03
5.451527140443244207e+03
5.477771556701722147e+03
5.502067559039558546e+03
5.538958319386840230e+03
5.571773100571743271e+03
5.234771859536233023e+03
5.243663659702042423e+03
5.271552191797181877e+03
5.314258864919458574e+03
5.353510439679639603e+03
5.385800603942254384e+03
5.419802717652799402e+03
5.438649310532786330e+03
5.456012537958806206e+03
5.470536963890903280e+03
5.476469547521155619e+03
5.469014198784137079e+03
5.466783216705744053e+03
5.459826918924206439e+03
5.460177383558694601e+03
5.447642087118377276e+03
5.455168987348634801e+03
5.466518690323439841e+03
5.483052652867282632e+03
5.510387041397170833e+03
5.540245130990257167e+03
5.578093851800549601e+03
5.244952617043598366e+03
5.241235709482112725e+03
5.282813252228361307e+03
5.321995979195600739e+03
5.376039536049669550e+03
5.410362401017297088e+03
5.435874619060170517e+03
5.465408537055291163e+03
5.478126845541612056e+03
5.491913216610691961e+03
5.499364107393432278e+03
5.492648601994057572e+03
5.491361406189119407e+03
5.482010732547762018e+03
5.481792081323947059e+03
5.481005685737760359e+03
5.488569926407175444e+03
5.481271917268926700e+03
5.505545253889895321e+03
5.530426603581307063e+03
5.553660632071767395e+03
5.593249688322341171e+03
5.227106116686591122e+03
5.254217839224706040e+03
5.296213356577278319e+03
5.343782307749061147e+03
5.386688636198812674e+03
5.424918523825730517e+03
5.458855473112082109e+03
5.487526302622423827e+03
5.500569301795972933e+03
5.517943495574376357e+03
5.522600412444016911e+03
5.528345252812717263e+03
5.516582889289375089e+03
5.511758251561159341e+03
5.512393514730712013e+03
5.510258826783208860e+03
5.517468509259547318e+03
5.525317817059749359e+03
5.539584282883779451e+03
5.551417199289699056e+03
5.578570488518407728e+03
5.607940940892662184e+03
5.234124455047363881e+03
5.264275206161184542e+03
5.318010961355525069e+03
5.353935409548916141e+03
5.402381599560911127e+03
5.438368823918000999e+03
5.473558422459800568e+03
5.504063089303510424e+03
5.531873250981345336e+03
5.543292610256779881e+03
5.554667410668672346e+03
5.555440314354887050e+03
5.559900436331921810e+03
5.549107937303840117e+03
5.542208831214805286e+03
5.550935262723449341e+03
5.554507096884526618e+03
5.564797443961820136e+03
5.567258677535890456e+03
5.597620868676769533e+03
5.621392564392979693e+03
5.644434399786670838e+03
5.215381156270364954e+03
5.275860634471029698e+03
5.316720878895241185e+03
5.363095001457026228e+03
5.415031684728081018e+03
5.453959287511133880e+03
5.497347432001082780e+03
5.530041359413897226e+03
5.552875446416648629e+03
5.573359714398777214e+03
5.577323973541107989e+03
5.588223940545521145e+03
5.588110774339671480e+03
5.588485082353217877e+03
5.592019998559924716e+03
5.592230615299130477e+03
5.592141662232007548e+03
5.600699351353847305e+03
5.617938185347945364e+03
5.629428329782365836e+03
5.654685485861074994e+03
5.690081196181052292e+03
5.251731334077248903e+03
5.291926306745403053e+03
5.335029277908390213e+03
5.381715563076013495e+03
5.424714488341851393e+03
5.485034550185249827e+03
5.518429423174678959e+03
5.548512913994014525e+03
5.573249600102990371e+03
5.590690052202051447e+03
5.611217917621437664e+03
5.621324917738829754e+03
5.627112374464035383e+03
5.626490308794843259e+03
5.629661503205909867e+03
5.637518801501452799e+03
5.648777953442114267e+03
5.656946290548838988e+03
5.662691512049239464e+03
5.675358835279798768e+03
5.693242302370104881e+03
5.717064695728042352e+03
5.261905700955165230e+03
5.307188767890827876e+03
5.349222833033398274e+03
5.402271558960845141e+03
5.454339065296800982e+03
5.494715069296547881e+03
5.540358531671205128e+03
5.565902721683853088e+03
5.597961795723886098e+03
5.622992928620633393e+03
5.638038691568281138e+03
5.655175933851955051e+03
5.665022924922420316e+03
5.662441901152539685e+03
5.670636241784070080e+03
5.677238794753819093e+03
5.688843575898034942e+03
5.700732198880770738e+03
5.717149345532891857e+03
5.732807420581028964e+03
5.745007562582621176e+03
5.764000293426530334e+03
5.280355512784568418e+03
5.327209594669528087e+03
5.369728090607772174e+03
5.430609407806630770e+03
5.479411274670364946e+03
5.519873452380674280e+03
5.557153341191791696e+03
5.588556921993040305e+03
5.615945428900957268e+03
5.641599801937165466e+03
5.661458429362448442e+03
5.681573592447252850e+03
5.699776338651363403e+03
5.706916507999625537e+03
5.709203701633395212e+03
5.717142775586986318e+03
5.731512052049606609e+03
5.740952927695939252e+03
5.756290272110545629e+03
5.772482188636575302e+03
5.791097545702437856e+03
5.798217566614544921e+03
5.304714352929810047e+03
5.353953945229553938e+03
5.400471484619003604e+03
5.455047507937006230e+03
5.499438449618452069e+03
5.542313081440011956e+03
5.577894515678561220e+03
5.606254658580597606e+03
5.634282034025291978e+03
5.663641119663613608e+03
5.681505284098499033e+03
5.704322826738198273e+03
5.720254787164562003e+03
5.734943624457306214e+03
5.739445010875079788e+03
5.755781114048005293e+03
5.773521237693091280e+03
5.787690485245542732e+03
5.810291043109762541e+03
5.825018169727598433e+03
5.839335890477390421e+03
5.849310187201954250e+03
5.324322781390086675e+03
5.374313768628006073e+03
5.418486113234666846e+03
5.478352972817416230e+03
5.520991700314898480e+03
5.559777696196550096e+03
5.597324501233029878e+03
5.626098391052906663e+03
5.653433798112792829e+03
5.677455636144615710e+03
5.705590455153741459e+03
5.723818800517594354e+03
5.740519471650119158e+03
5.762745621817985011e+03
5.772663657159915601e+03
5.785294802550981331e+03
5.805442386398472991e+03
5.823135233289975986e+03
5.843770009507086797e+03
5.858844503202471969e+03
5.875151661204414268e+03
5.884372225393843109e+03
5.345368700952027211e+03
5.392326860597608174e+03
5.455099439961239113e+03
5.498050933324597281e+03
5.537837627628146947e+03
5.579841189054457573e+03
5.612405212096919058e+03
5.643749617675761328e+03
5.672607198940092530e+03
5.694190631302470138e+03
5.714941956639303498e+03
5.738773745851663080e+03
5.764831279731691211e+03
5.783385247759513732e+03
5.794595350080528078e+03
5.816110980942551578e+03
5.830054299708821418e+03
5.846804265945099360e+03
5.867441815278687500e+03
5.880765083348500411e+03
5.906012502022767876e+03
5.919744674919413228e+03
5.367832651246708338e+03
5.431684170490954784e+03
5.475645741135742355e+03
5.517353255349522442e+03
5.556882065107281960e+03
5.592420166027762207e+03
5.627819044850313730e+03
5.656902832636174026e+03
5.686407164725535040e+03
5.711924162084830641e+03
5.735004467419266803e+03
5.754062148242996955e+03
5.779004649309839806e+03
5.795499688143267122e+03
5.817087072583633926e+03
5.826061553233536870e+03
5.844197386041999380e+03
5.859005339053147509e+03
5.877367103811022389e+03
5.898047012167033245e+03
5.919156258290695405e+03
5.919424413058819482e+03
5.402088453589556593e+03
5.451003403296444958e+03
5.495437583563812950e+03
5.537860109283747079e+03
5.575052013223659742e+03
5.610978440449522168e+03
5.643470543347029889e+03
5.676025551304983310e+03
5.699086117961694072e+03
5.723920279975169251e+03
5.744984048628663004e+03
5.765527241490188317e+03
5.784669405123714569e+03
5.808905005091834028e+03
5.830263764922711744e+03
5.843343761157878362e+03
5.856201846365044730e+03
5.877920492708845813e+03
5.897445881069326788e+03
5.904284611322615092e+03
5.925793257842022285e+03
5.942175355412997305e+03
5.418127491179373465e+03
5.468015245615259118e+03
5.509123477076213021e+03
5.549749905573609794e+03
5.590207277013111707e+03
5.625251210404050653e+03
5.656773213822454636e+03
5.685051704349602005e+03
5.710900601391988857e+03
5.735459394442031225e+03
5.756513547148966609e+03
5.774266792641721622e+03
5.793894357621280506e+03
5.810152684215704539e+03
5.826688463600488831e+03
5.847339680088774003e+03
5.862203604104614897e+03
5.877815516610266968e+03
5.895257794364395522e+03
5.915638259090526844e+03
5.934926204232710006e+03
5.909428023309534183e+03
5.431525934354844139e+03
5.480171408059092755e+03
5.522689511471044170e+03
5.563995892301622007e+03
5.600388849159556230e+03
5.634156676795225394e+03
5.665135658762947060e+03
5.692855818013531461e+03
5.716840150394089505e+03
5.740573518048203368e+03
5.760311822550516808e+03
5.780652406023524236e+03
5.798167257109415004e+03
5.814388620129762785e+03
5.832747420836867605e+03
5.847261429838566073e+03
5.861595547526123482e+03
5.873377848258905942e+03
5.884387924096048664e+03
5.895518692867452046e+03
5.906616214554334874e+03
5.913158298424561508e+03
5.444590862101144921e+03
5.493250971449199824e+03
5.535815198917138332e+03
5.571171309226509948e+03
5.606027512530341482e+03
5.639102832147367735e+03
5.671162379829737802e+03
5.698565154970405274e+03
5.719382678315248086e+03
5.743461570107585430e+03
5.763064434981146405e+03
5.781366320441518837e+03
5.799585186540709401e+03
5.817787680930327042e+03
5.835259848072053501e+03
5.849643677693873542e+03
5.863010102190981343e+03
5.875463739342566441e+03
5.885194903719268041e+03
5.888192175582575146e+03
5.870675486785126850e+03
5.846395842917845584e+03
5.462863384955917354e+03
5.503794606571063923e+03
5.539734157413355206e+03
5.577497329227287082e+03
5.613593541756090417e+03
5.644762684869175246e+03
5.672323252215492175e+03
5.693528054774171324e+03
5.716984439018480771e+03
5.740673707373520301e+03
5.763666944333586798e+03
5.781307004552778380e+03
5.795488517989722823e+03
5.821077889071504615e+03
5.835621190160385595e+03
5.849318493826347549e+03
5.862139251819920901e+03
5.872254625537260836e+03
5.879619745511350629e+03
5.878979331972383079e+03
5.875126769290043740e+03
5.812013026446104050e+03
5.474506602581049265e+03
5.507938811124915446e+03
5.545169674151081381e+03
5.578207026330926055e+03
5.613635592413826998e+03
5.642420794661313266e+03
5.668403564326548803e+03
5.688121429830351190e+03
5.710923901396576184e+03
5.733560058660808863e+03
5.755989885399676496e+03
5.776593569541299075e+03
5.793149851598300302e+03
5.815134537882393488e+03
5.840343257930966502e+03
5.852159385264827506e+03
5.864229836944245108e+03
5.873359245869803090e+03
5.880231817598787529e+03
5.881017453988293710e+03
5.877640395048569189e+03
5.830645775221986696e+03
