5.299478304630535604e+03
5.316072344050827269e+03
5.332215185150684192e+03
5.350201506508755301e+03
5.370841027704915177e+03
5.391582594923233046e+03
5.408066178057997604e+03
5.422311897825894448e+03
5.436432493750785397e+03
5.448697788042819411e+03
5.459015923071961879e+03
5.467027280593599244e+03
5.477379038634598146e+03
5.490557171282819581e+03
5.502345085396324976e+03
5.515072711347810582e+03
5.529069775707490408e+03
5.542927242912739530e+03
5.558738396871889563e+03
5.575144520150158314e+03
5.587700305110490262e+03
5.599790425780124679e+03
5.302294616269392463e+03
5.317499027778945674e+03
5.333885034990114946e+03
5.351108251775192002e+03
5.370259532655681141e+03
5.387443980216009550e+03
5.403021434517852867e+03
5.417278044116937963e+03
5.432146772082821371e+03
5.442928522426432210e+03
5.452206106647025081e+03
5.459898497322398725e+03
5.471168042097206126e+03
5.483092701238203517e+03
5.494149198224319662e+03
5.506808531227569802e+03
5.520621370825960184e+03
5.534627034115754213e+03
5.548459750243458075e+03
5.564234090876358096e+03
5.577394121927504784e+03
5.587835273428859182e+03
5.300208714093522758e+03
5.314463098839483791e+03
5.331297790006352443e+03
5.349252245887393656e+03
5.366775172866996400e+03
5.383496021761911834e+03
5.398845699833686922e+03
5.413028054220751073e+03
5.426500521741148987e+03
5.437897697057405821e+03
5.446427112080050392e+03
5.453667990260167244e+03
5.464564149535817705e+03
5.476285320276872881e+03
5.487284175068309196e+03
5.499763907735431530e+03
5.512880646644297485e+03
5.526630838303557539e+03
5.539074525688599351e+03
5.553647078115919612e+03
5.568544067007713238e+03
5.580478085710097730e+03
5.292400935287861103e+03
5.306765553027274109e+03
5.325246964847599884e+03
5.344756980260098317e+03
5.363739346078296876e+03
5.379485989177325791e+03
5.394680235661918232e+03
5.408838177836792966e+03
5.420774788328693830e+03
5.432873962895708246e+03
5.441934579517810562e+03
5.448856829061054668e+03
5.458796975175161606e+03
5.469416118744713458e+03
5.480680000787181598e+03
5.492107235121749000e+03
5.504508380129482248e+03
5.517804971187929368e+03
5.530282848159804416e+03
5.542737039951997758e+03
5.556489329206549883e+03
5.570411950352697204e+03
5.282645276886697502e+03
5.297954305427664622e+03
5.316076765203275500e+03
5.337352917499860268e+03
5.359496126223642023e+03
5.375399675089203811e+03
5.391793095359245854e+03
5.406748237319029613e+03
5.418319841218972215e+03
5.430082838590222309e+03
5.439807203434562325e+03
5.445639787719140259e+03
5.454197447025734618e+03
5.464397058774226025e+03
5.474587926485479329e+03
5.485179652238784001e+03
5.496805792356873098e+03
5.509391155379547854e+03
5.521422673478482466e+03
5.534411281987951043e+03
5.546630872592553715e+03
5.558901698405747993e+03
5.270751974746682208e+03
5.287759565997915161e+03
5.307184109075295055e+03
5.329648897383502117e+03
5.351346678511570644e+03
5.371722179427205447e+03
5.391669669737696495e+03
5.407143987914490936e+03
5.419187230337338406e+03
5.430313078537556976e+03
5.440093255379357288e+03
5.445140716611516837e+03
5.452291616509099185e+03
5.461331718523717427e+03
5.470496209620650916e+03
5.479729461574138440e+03
5.490046363246831788e+03
5.501532895173151701e+03
5.512818975811607743e+03
5.525035747870333580e+03
5.538484218753282221e+03
5.550720366070392629e+03
5.258264879812526488e+03
5.277610883365618065e+03
5.298576384156974200e+03
5.321979644938613092e+03
5.345116887107822549e+03
5.371388087832532619e+03
5.393348745866994250e+03
5.409575603520222103e+03
5.423627664772354365e+03
5.433279463675849911e+03
5.441626984230189009e+03
5.446061295628215703e+03
5.452507606503785610e+03
5.460509810975493565e+03
5.468205013190988211e+03
5.476123561407104717e+03
5.485365383378739352e+03
5.495549392947840715e+03
5.505310749409040000e+03
5.516247504088009919e+03
5.530768869033540795e+03
5.547097342154311264e+03
5.249066193887189911e+03
5.270430796337343963e+03
5.292965424129286475e+03
5.318950465025748599e+03
5.348049946173131502e+03
5.377457903482286383e+03
5.399076014959452550e+03
5.416736891451714655e+03
5.431063145231439194e+03
5.440614412299823016e+03
5.446732805307618946e+03
5.450364599830843872e+03
5.454713425627533979e+03
5.461778339851291094e+03
5.468508881072207259e+03
5.474890284182431969e+03
5.482750846568778798e+03
5.492766542470941204e+03
5.502621741900762572e+03
5.513891171734578165e+03
5.529887104575242120e+03
5.547688860398080578e+03
5.243124510778469812e+03
5.269356407573755860e+03
5.297352571768637972e+03
5.326611246204663985e+03
5.358493193054422591e+03
5.386459135247328049e+03
5.409560480672547783e+03
5.428306247832924782e+03
5.441515426364692757e+03
5.451222454968764396e+03
5.457345842846199957e+03
5.460272605841363657e+03
5.463845148328417054e+03
5.469379865751336183e+03
5.474523577691550599e+03
5.479808022928317769e+03
5.487679338101730536e+03
5.495955872331917817e+03
5.505008089558088614e+03
5.516934504234573978e+03
5.531131997718893217e+03
5.550235050474280797e+03
5.242546988842904284e+03
5.269708899153629318e+03
5.301854298147202826e+03
5.336435856561278342e+03
5.373014305115561910e+03
5.400583243888711877e+03
5.424178711309413302e+03
5.443065588238699092e+03
5.455534080487185747e+03
5.466560589513502237e+03
5.470583123194910513e+03
5.473636390652570299e+03
5.476975011918379096e+03
5.480277327998419423e+03
5.483820673525379789e+03
5.490066039076848028e+03
5.497015639814973838e+03
5.503708843938935388e+03
5.511630811078294755e+03
5.525402138170792568e+03
5.541945379020118708e+03
5.561019994071936708e+03
5.241895497042673014e+03
5.275447287717455765e+03
5.309241663310825061e+03
5.348431509556218771e+03
5.386557290694276162e+03
5.417114188014357751e+03
5.442521248945435218e+03
5.461513754149024862e+03
5.475230755217285150e+03
5.484253123701132608e+03
5.489557339961603248e+03
5.492493478568912906e+03
5.494581711118313251e+03
5.497033532655903400e+03
5.500358008211083870e+03
5.506331431381956463e+03
5.512437193711644795e+03
5.521053829246789974e+03
5.529458508319610701e+03
5.543425800230869754e+03
5.559803070291329277e+03
5.579678688701210376e+03
5.250601010417290126e+03
5.281932113541769468e+03
5.320238736287140455e+03
5.362588380292240799e+03
5.400655649232048745e+03
5.432679115158950481e+03
5.461097665773469089e+03
5.482659545213366073e+03
5.496665117964696037e+03
5.505088497270351581e+03
5.510091967591747562e+03
5.513367495234832859e+03
5.517381712357163451e+03
5.521447302864963603e+03
5.526038510910049808e+03
5.530043336876809008e+03
5.537604853159762570e+03
5.546220293544143715e+03
5.556903347815555207e+03
5.570430473444387644e+03
5.584321119493829428e+03
5.602374941485899399e+03
5.260367477614527161e+03
5.288262013767972348e+03
5.329241633410141731e+03
5.377489428178989328e+03
5.414444846563929786e+03
5.451144815417889731e+03
5.484749231942732877e+03
5.506404994047428772e+03
5.518752301521019035e+03
5.527592844011086527e+03
5.533544434357193495e+03
5.537680559541484399e+03
5.542969223496422273e+03
5.547270846697502748e+03
5.552232983960828278e+03
5.559352694728707320e+03
5.566855077615545270e+03
5.575308113491162658e+03
5.586000278517069091e+03
5.599130255482662506e+03
5.612493601174614014e+03
5.628697651708981539e+03
5.266807286895695142e+03
5.295218831311814938e+03
5.340860078675798832e+03
5.391341165006393567e+03
5.433884592333760338e+03
5.473770688256916401e+03
5.507264666405854769e+03
5.527133757759466789e+03
5.539599116116593905e+03
5.550527506761285622e+03
5.558079431953889980e+03
5.564279695046050620e+03
5.569872065773395661e+03
5.574919587273812795e+03
5.580656301113496738e+03
5.588921555085895307e+03
5.597313442062404647e+03
5.606196289085054559e+03
5.616346075233921511e+03
5.628268344250781411e+03
5.640158986462847679e+03
5.656318326461334436e+03
5.272329606101050558e+03
5.307432241244891884e+03
5.356219399176488878e+03
5.407157174393273635e+03
5.453741259061908750e+03
5.494867403680003008e+03
5.526761063047370044e+03
5.550450431159476466e+03
5.563003582274998735e+03
5.575568424525118644e+03
5.582630262209245302e+03
5.590083606045993292e+03
5.596038467537870019e+03
5.602786262880040340e+03
5.610044962786387259e+03
5.617799480784716252e+03
5.626306444658674991e+03
5.635429017942611608e+03
5.644752177431046221e+03
5.655249405135687084e+03
5.668514364932544595e+03
5.685119639511641253e+03
5.283862630648060986e+03
5.322925831676175221e+03
5.371541292730784335e+03
5.425347309471141671e+03
5.474777831859662001e+03
5.518697148043727793e+03
5.548498354000278596e+03
5.572785879789135834e+03
5.589197161822065937e+03
5.599117596929308093e+03
5.607918208512851379e+03
5.617169340838703647e+03
5.623655950844817198e+03
5.630477376706937321e+03
5.637861553016611651e+03
5.646077543038254589e+03
5.654987345383856336e+03
5.663670300865485842e+03
5.671910611796249214e+03
5.681382703563494943e+03
5.694511867454262756e+03
5.707129128397249588e+03
5.299930393986887793e+03
5.341596580426174114e+03
5.395694789715025763e+03
5.448120245397340113e+03
5.499787688194257498e+03
5.540786255611947126e+03
5.570240935615702256e+03
5.595358413595728052e+03
5.613239969105582531e+03
5.623307437112831394e+03
5.634479153800478343e+03
5.643312501750370757e+03
5.651177506997216369e+03
5.657457728457906342e+03
5.664949860236262793e+03
5.672964272720175359e+03
5.681443994385821497e+03
5.690174101086790870e+03
5.697160907743505049e+03
5.705873458285134802e+03
5.715311611063732016e+03
5.726584641963262584e+03
5.319542345542909061e+03
5.371131344579984216e+03
5.421714831054458955e+03
5.474657592755113910e+03
5.523935283482339401e+03
5.561859182918772603e+03
5.592729164493032840e+03
5.618368437828220522e+03
5.634608101738638652e+03
5.646455794585105650e+03
5.657050167836024229e+03
5.666499944797022181e+03
5.675518231623327665e+03
5.682932766453886870e+03
5.691477783662927322e+03
5.699506728751176524e+03
5.707095567494010538e+03
5.713737509009723908e+03
5.721100676670571374e+03
5.728476504984923849e+03
5.734589568248311480e+03
5.744474290579899389e+03
5.350642193158472764e+03
5.398858197389224188e+03
5.450937629815982291e+03
5.501037610349948409e+03
5.546449636123920754e+03
5.583005011318362449e+03
5.611795796154294294e+03
5.634230790081587656e+03
5.651849426040125763e+03
5.665359940392178032e+03
5.677449724152789713e+03
5.690189004639437371e+03
5.700935937338593249e+03
5.708972797064228871e+03
5.717120383347413735e+03
5.724542516790161244e+03
5.731671299102542434e+03
5.737529652856772373e+03
5.742960773385282664e+03
5.748071820697274234e+03
5.753225540159079173e+03
5.761483484552519258e+03
5.380440294745146275e+03
5.426654534435274400e+03
5.476519193414254005e+03
5.521498347469200780e+03
5.564408294746219326e+03
5.598305865059918688e+03
5.624028898482980367e+03
5.645555953930609576e+03
5.664871015548401374e+03
5.680222601721126011e+03
5.694949533767903631e+03
5.709094887663293775e+03
5.720133162675449967e+03
5.729249535765507972e+03
5.737534660678618820e+03
5.744640402397497382e+03
5.751238966366126988e+03
5.756251944013787579e+03
5.761214567750387687e+03
5.766343081237549086e+03
5.771927241037301428e+03
5.777507698871067078e+03
5.408095010972002456e+03
5.450580601303980984e+03
5.496387293985668293e+03
5.536949099920255321e+03
5.576187007363824705e+03
5.610909013780338682e+03
5.634412952006734486e+03
5.655195643470586219e+03
5.674487759079717762e+03
5.691732917140482641e+03
5.708219881283148425e+03
5.722848013378848009e+03
5.734756642622737672e+03
5.744580437090750820e+03
5.753601040116053809e+03
5.763094652853366824e+03
5.771173357702896283e+03
5.777512270596536837e+03
5.783679255553342955e+03
5.788931399375372166e+03
5.791378085110316533e+03
5.795709871449645107e+03
5.431140481923000152e+03
5.470513578075228907e+03
5.511748867729052108e+03
5.550033354728642735e+03
5.586377542692695897e+03
5.620279897529701884e+03
5.642131135431771327e+03
5.663010818646896041e+03
5.682962022716000320e+03
5.701078722063503847e+03
5.717557461678767140e+03
5.732594303579367079e+03
5.745666640754872788e+03
5.757457192533390298e+03
5.769273276220658772e+03
5.779984977723757765e+03
5.789608450870594424e+03
5.797734634906530118e+03
5.804201867438432600e+03
5.808171844076219713e+03
5.811325178618411883e+03
5.815961880686077166e+03
5.450713656173088566e+03
5.484921156788164808e+03
5.524299118121341053e+03
5.560756394710349014e+03
5.596469301489569261e+03
5.624817418687103782e+03
5.648008404595230786e+03
5.669565843597542880e+03
5.689540057394587166e+03
5.707399396476644142e+03
5.725199856576829006e+03
5.740106757440982619e+03
5.756363026629477645e+03
5.771196662725408714e+03
5.784315859177073435e+03
5.795048939154055915e+03
5.804866287781474057e+03
5.813986938018370893e+03
5.820541484643688818e+03
5.825733377673540417e+03
5.829581243680751868e+03
5.833509272494085053e+03
5.464651350518055551e+03
5.497372554006091377e+03
5.534757357345867604e+03
5.568052883516397742e+03
5.600702349302688162e+03
5.627449566391440385e+03
5.651032698098544643e+03
5.672871932350293719e+03
5.693580490445518990e+03
5.711506260266549361e+03
5.729726374568743267e+03
5.747133462214643259e+03
5.765558848415142165e+03
5.782667694393109741e+03
5.797370915556001819e+03
5.808620561504828402e+03
5.818543301612422511e+03
5.827078509170267353e+03
5.832858640861066306e+03
5.837555053758894246e+03
5.842051416858776065e+03
5.847759036768142323e+03
5.476231171625819115e+03
5.506014464338649304e+03
5.540454537510623595e+03
5.572142720874775478e+03
5.603085744270510077e+03
5.630229000272098347e+03
5.653501161112189038e+03
5.674631762515232367e+03
5.696334056758994848e+03
5.714454241330076002e+03
5.734020786843052520e+03
5.753974703521499578e+03
5.774606146002305650e+03
5.792353902541560274e+03
5.806731739667226066e+03
5.818537752539276880e+03
5.828724603261791344e+03
5.836977105055052562e+03
5.842873178491900944e+03
5.848724074099734025e+03
5.854395043271609211e+03
5.858502790287894641e+03
5.484327661702021032e+03
5.513375817898834612e+03
5.543756865135223052e+03
5.574020776680795279e+03
5.605239899788404728e+03
5.632292017013191071e+03
5.655117557476627553e+03
5.674601230047624995e+03
5.696531557742697260e+03
5.716735648927320653e+03
5.738619835747771504e+03
5.760610582981293192e+03
5.783058194067100885e+03
5.801514669011968181e+03
5.816386387781809390e+03
5.827307445556161838e+03
5.837506446585454796e+03
5.845201112715754789e+03
5.851778803024276385e+03
5.858059223843139080e+03
5.861872075833400231e+03
5.866189760485552142e+03
5.490496469411873477e+03
5.515715453890118624e+03
5.544957697339136757e+03
5.575101518176039463e+03
5.605887616843945580e+03
5.630166417863371862e+03
5.654304690917666449e+03
5.673715785313214838e+03
5.695310684636306178e+03
5.717627952814899800e+03
5.742381813061774665e+03
5.766372516740783794e+03
5.789029922308809546e+03
5.810054860281281435e+03
5.823555748296911588e+03
5.834979054469111361e+03
5.845122185030007131e+03
5.852040998005125402e+03
5.857945624066945129e+03
5.862671158946891410e+03
5.866180120509033259e+03
5.871159729170118226e+03
5.491225000103118873e+03
5.517522594811526687e+03
5.545757360455103480e+03
5.573145791145342628e+03
5.601304937381267337e+03
5.627736117028008266e+03
5.652897685976457069e+03
5.672201221564679145e+03
5.693677910823210368e+03
5.717173018616726949e+03
5.744439804360839844e+03
5.770597163099317186e+03
5.795132161214474763e+03
5.815136815769962595e+03
5.830705881852656603e+03
5.841693272998218163e+03
5.850355113020801582e+03
5.856919104663139478e+03
5.862232677279265772e+03
5.866361075689040263e+03
5.870065005377763555e+03
5.873052301470640487e+03
